"","epi_week","date","state","newDeaths","deaths","newCases","totalCases","deathsMS","totalCasesMS","deaths_per_100k_inhabitants","totalCases_per_100k_inhabitants","deaths_by_totalCases","recovered","suspects","tests","tests_per_100k_inhabitants"
"1",12,2020-03-17,"AC",0,0,3,3,0,0,0,0.34016,0,NA,NA,NA,NA
"2",12,2020-03-18,"AC",0,0,0,3,0,0,0,0.34016,0,NA,NA,NA,NA
"3",12,2020-03-19,"AC",0,0,1,4,0,3,0,0.45355,0,NA,NA,NA,NA
"4",12,2020-03-20,"AC",0,0,3,7,0,7,0,0.79371,0,NA,NA,NA,NA
"5",12,2020-03-21,"AC",0,0,4,11,0,9,0,1.24726,0,NA,NA,NA,NA
"6",13,2020-03-22,"AC",0,0,0,11,0,11,0,1.24726,0,NA,NA,NA,NA
"7",13,2020-03-23,"AC",0,0,6,17,0,11,0,1.92758,0,NA,230,NA,NA
"8",13,2020-03-24,"AC",0,0,4,21,0,17,0,2.38113,0,NA,230,NA,NA
"9",13,2020-03-25,"AC",0,0,2,23,0,23,0,2.6079,0,NA,230,NA,NA
"10",13,2020-03-26,"AC",0,0,1,24,0,24,0,2.72129,0,NA,76,NA,NA
"11",13,2020-03-27,"AC",0,0,1,25,0,25,0,2.83468,0,NA,76,NA,NA
"12",13,2020-03-28,"AC",0,0,0,25,0,25,0,2.83468,0,NA,76,NA,NA
"13",14,2020-03-29,"AC",0,0,9,34,0,34,0,3.85516,0,NA,76,NA,NA
"14",14,2020-03-30,"AC",0,0,8,42,0,42,0,4.76226,0,10,63,NA,NA
"15",14,2020-03-31,"AC",0,0,0,42,0,42,0,4.76226,0,10,41,NA,NA
"16",14,2020-04-01,"AC",0,0,1,43,0,43,0,4.87564,0,10,41,NA,NA
"17",14,2020-04-02,"AC",0,0,2,45,0,43,0,5.10242,0,10,41,NA,NA
"18",14,2020-04-03,"AC",0,0,1,46,0,46,0,5.2158,0,10,41,NA,NA
"19",14,2020-04-04,"AC",0,0,0,46,0,46,0,5.2158,0,10,41,NA,NA
"20",15,2020-04-05,"AC",0,0,2,48,0,48,0,5.44258,0,10,41,NA,NA
"21",15,2020-04-06,"AC",1,1,2,50,0,50,0.11339,5.66935,0.02,10,41,NA,NA
"22",15,2020-04-07,"AC",1,2,0,50,1,50,0.22677,5.66935,0.04,10,41,NA,NA
"23",15,2020-04-08,"AC",0,2,8,58,2,54,0.22677,6.57645,0.03448,37,73,NA,NA
"24",15,2020-04-09,"AC",0,2,4,62,2,62,0.22677,7.03,0.03226,37,73,NA,NA
"25",15,2020-04-10,"AC",0,2,8,70,2,70,0.22677,7.93709,0.02857,39,815,NA,NA
"26",15,2020-04-11,"AC",0,2,2,72,2,72,0.22677,8.16387,0.02778,39,815,NA,NA
"27",16,2020-04-12,"AC",0,2,5,77,2,77,0.22677,8.7308,0.02597,39,815,NA,NA
"28",16,2020-04-13,"AC",1,3,13,90,3,90,0.34016,10.20483,0.03333,39,815,NA,NA
"29",16,2020-04-14,"AC",0,3,9,99,3,99,0.34016,11.22532,0.0303,48,95,NA,NA
"30",16,2020-04-15,"AC",1,4,2,101,3,101,0.45355,11.45209,0.0396,51,157,NA,NA
"31",16,2020-04-16,"AC",1,5,14,115,5,110,0.56694,13.03951,0.04348,51,157,NA,NA
"32",16,2020-04-17,"AC",0,5,20,135,5,135,0.56694,15.30725,0.03704,51,157,NA,NA
"33",16,2020-04-18,"AC",1,6,7,142,5,142,0.68032,16.10096,0.04225,58,237,NA,NA
"34",17,2020-04-19,"AC",0,6,21,163,6,163,0.68032,18.48209,0.03681,58,236,NA,NA
"35",17,2020-04-20,"AC",2,8,13,176,8,176,0.9071,19.95612,0.04545,61,251,NA,NA
"36",17,2020-04-21,"AC",0,8,19,195,8,195,0.9071,22.11047,0.04103,64,251,NA,NA
"37",17,2020-04-22,"AC",0,8,19,214,8,214,0.9071,24.26483,0.03738,74,336,NA,NA
"38",17,2020-04-23,"AC",2,10,13,227,10,227,1.13387,25.73886,0.04405,78,398,NA,NA
"39",17,2020-04-24,"AC",1,11,7,234,11,234,1.24726,26.53257,0.04701,88,398,NA,NA
"40",17,2020-04-25,"AC",0,11,24,258,11,258,1.24726,29.25386,0.04264,88,507,NA,NA
"41",18,2020-04-26,"AC",0,11,21,279,11,279,1.24726,31.63498,0.03943,99,582,NA,NA
"42",18,2020-04-27,"AC",3,14,22,301,14,279,1.58742,34.1295,0.04651,105,705,NA,NA
"43",18,2020-04-28,"AC",2,16,16,317,16,311,1.81419,35.94369,0.05047,114,705,NA,NA
"44",18,2020-04-29,"AC",2,18,37,354,17,354,2.04097,40.13901,0.05085,114,721,NA,NA
"45",18,2020-04-30,"AC",1,19,50,404,19,404,2.15435,45.80836,0.04703,141,657,NA,NA
"46",18,2020-05-01,"AC",0,19,83,487,19,486,2.15435,55.21949,0.03901,161,655,NA,NA
"47",18,2020-05-02,"AC",3,22,66,553,22,553,2.49451,62.70303,0.03978,166,510,NA,NA
"48",19,2020-05-03,"AC",3,25,105,658,24,657,2.83468,74.60867,0.03799,177,406,NA,NA
"49",19,2020-05-04,"AC",3,28,75,733,28,733,3.17484,83.1127,0.0382,177,406,NA,NA
"50",19,2020-05-05,"AC",1,29,84,817,29,817,3.28822,92.63721,0.0355,233,278,NA,NA
"51",19,2020-05-06,"AC",6,35,126,943,33,943,3.96855,106.92398,0.03712,251,334,NA,NA
"52",19,2020-05-07,"AC",1,36,71,1014,36,1014,4.08193,114.97446,0.0355,251,334,NA,NA
"53",19,2020-05-08,"AC",2,38,163,1177,38,1177,4.30871,133.45655,0.03229,251,334,NA,NA
"54",19,2020-05-09,"AC",2,40,158,1335,39,1335,4.53548,151.3717,0.02996,366,373,NA,NA
"55",20,2020-05-10,"AC",1,41,112,1447,41,1447,4.64887,164.07105,0.02833,366,471,NA,NA
"56",20,2020-05-11,"AC",4,45,13,1460,45,1460,5.10242,165.54508,0.03082,366,471,NA,NA
"57",20,2020-05-12,"AC",6,51,130,1590,51,1590,5.78274,180.2854,0.03208,488,680,NA,NA
"58",20,2020-05-13,"AC",1,52,104,1694,52,1694,5.89613,192.07765,0.0307,541,680,NA,NA
"59",20,2020-05-14,"AC",3,55,46,1740,55,1740,6.23629,197.29345,0.03161,588,832,NA,NA
"60",20,2020-05-15,"AC",2,57,45,1785,57,1785,6.46306,202.39587,0.03193,642,1525,NA,NA
"61",20,2020-05-16,"AC",2,59,82,1867,59,1867,6.68984,211.69361,0.0316,642,1525,NA,NA
"62",21,2020-05-17,"AC",3,62,130,1997,60,1997,7.03,226.43392,0.03105,642,1525,NA,NA
"63",21,2020-05-18,"AC",5,67,237,2234,67,2234,7.59693,253.30665,0.02999,642,1486,NA,NA
"64",21,2020-05-19,"AC",6,73,248,2482,72,2482,8.27725,281.42664,0.02941,909,1407,NA,NA
"65",21,2020-05-20,"AC",3,76,335,2817,76,2817,8.61742,319.41129,0.02698,909,1407,NA,NA
"66",21,2020-05-21,"AC",2,78,286,3103,78,3103,8.84419,351.83999,0.02514,1098,1407,NA,NA
"67",21,2020-05-22,"AC",2,80,240,3343,80,3343,9.07096,379.05288,0.02393,1098,1474,NA,NA
"68",21,2020-05-23,"AC",7,87,524,3867,87,3867,9.86467,438.46769,0.0225,1322,1474,NA,NA
"69",22,2020-05-24,"AC",5,92,293,4160,92,4160,10.43161,471.69009,0.02212,1417,1057,NA,NA
"70",22,2020-05-25,"AC",5,97,341,4501,97,4501,10.99854,510.35507,0.02155,1574,872,NA,NA
"71",22,2020-05-26,"AC",8,105,280,4781,105,4781,11.90564,542.10344,0.02196,1752,668,NA,NA
"72",22,2020-05-27,"AC",8,113,470,5251,113,5251,12.81274,595.39535,0.02152,1944,405,NA,NA
"73",22,2020-05-28,"AC",9,122,349,5600,122,5600,13.83322,634.96743,0.02179,2163,405,NA,NA
"74",22,2020-05-29,"AC",13,135,241,5841,135,5841,15.30725,662.29371,0.02311,2163,148,NA,NA
"75",22,2020-05-30,"AC",7,142,231,6072,142,6072,16.10096,688.48611,0.02339,2163,148,NA,NA
"76",23,2020-05-31,"AC",6,148,147,6219,148,6219,16.78128,705.15401,0.0238,2611,148,NA,NA
"77",23,2020-06-01,"AC",13,161,107,6326,161,6326,18.25531,717.28642,0.02545,2677,148,NA,NA
"78",23,2020-06-02,"AC",4,165,139,6465,165,6465,18.70886,733.04722,0.02552,2845,148,NA,NA
"79",23,2020-06-03,"AC",6,171,214,6679,171,6679,19.38918,757.31205,0.0256,3012,148,NA,NA
"80",23,2020-06-04,"AC",10,181,342,7021,181,7021,20.52305,796.09041,0.02578,3209,431,NA,NA
"81",23,2020-06-05,"AC",9,190,263,7284,190,7284,21.54354,825.91121,0.02608,3422,404,NA,NA
"82",23,2020-06-06,"AC",11,201,241,7525,201,7525,22.7908,853.23748,0.02671,3422,404,NA,NA
"83",24,2020-06-07,"AC",6,207,458,7983,207,7983,23.47112,905.16875,0.02593,4003,404,NA,NA
"84",24,2020-06-08,"AC",4,211,145,8128,211,8128,23.92467,921.60987,0.02596,4113,386,NA,NA
"85",24,2020-06-09,"AC",12,223,329,8457,223,8457,25.28531,958.91421,0.02637,4336,386,NA,NA
"86",24,2020-06-10,"AC",14,237,289,8746,237,8746,26.87273,991.68306,0.0271,4336,386,NA,NA
"87",24,2020-06-11,"AC",8,245,345,9091,245,9091,27.77983,1030.80159,0.02695,4775,304,NA,NA
"88",24,2020-06-12,"AC",9,254,204,9295,254,9295,28.80031,1053.93255,0.02733,4775,304,NA,NA
"89",24,2020-06-13,"AC",2,256,239,9534,256,9534,29.02708,1081.03205,0.02685,5043,304,NA,NA
"90",25,2020-06-14,"AC",3,259,108,9642,259,9642,29.36724,1093.27785,0.02686,5108,304,NA,NA
"91",25,2020-06-15,"AC",6,265,129,9771,265,9771,30.04757,1107.90478,0.02712,5224,304,NA,NA
"92",25,2020-06-16,"AC",6,271,232,10003,271,10003,30.72789,1134.21057,0.02709,5383,304,NA,NA
"93",25,2020-06-17,"AC",10,281,336,10339,281,10339,31.86176,1172.30862,0.02718,5566,304,NA,NA
"94",25,2020-06-18,"AC",6,287,325,10664,287,10664,32.54208,1209.15941,0.02691,5566,304,NA,NA
"95",25,2020-06-19,"AC",5,292,323,10987,292,10987,33.10902,1245.78342,0.02658,5940,304,NA,NA
"96",25,2020-06-20,"AC",5,297,276,11263,297,11263,33.67595,1277.07824,0.02637,6089,304,NA,NA
"97",26,2020-06-21,"AC",3,300,118,11381,300,11381,34.01611,1290.45791,0.02636,6187,316,NA,NA
"98",26,2020-06-22,"AC",5,305,158,11539,305,11539,34.58305,1308.37307,0.02643,6270,316,NA,NA
"99",26,2020-06-23,"AC",16,321,271,11810,321,11810,36.39724,1339.10095,0.02718,6270,316,NA,NA
"100",26,2020-06-24,"AC",5,326,212,12022,326,12022,36.96418,1363.13901,0.02712,6270,316,NA,NA
"101",26,2020-06-25,"AC",9,335,282,12304,335,12304,37.98466,1395.11415,0.02723,6270,316,NA,NA
