"","epi_week","date","state","newDeaths","deaths","newCases","totalCases","deathsMS","totalCasesMS","deaths_per_100k_inhabitants","totalCases_per_100k_inhabitants","deaths_by_totalCases","recovered","suspects","tests","tests_per_100k_inhabitants"
"1",11,2020-03-08,"AL",0,0,1,1,0,1,0,0.02996,0,NA,NA,NA,NA
"2",11,2020-03-09,"AL",0,0,0,1,0,1,0,0.02996,0,NA,NA,NA,NA
"3",11,2020-03-10,"AL",0,0,0,1,0,1,0,0.02996,0,NA,NA,NA,NA
"4",11,2020-03-11,"AL",0,0,0,1,0,1,0,0.02996,0,NA,NA,NA,NA
"5",11,2020-03-12,"AL",0,0,0,1,0,1,0,0.02996,0,NA,NA,NA,NA
"6",11,2020-03-13,"AL",0,0,0,1,0,1,0,0.02996,0,NA,NA,NA,NA
"7",11,2020-03-14,"AL",0,0,0,1,0,1,0,0.02996,0,NA,NA,NA,NA
"8",12,2020-03-15,"AL",0,0,0,1,0,1,0,0.02996,0,NA,NA,NA,NA
"9",12,2020-03-16,"AL",0,0,0,1,0,1,0,0.02996,0,NA,NA,NA,NA
"10",12,2020-03-17,"AL",0,0,0,1,0,1,0,0.02996,0,NA,NA,NA,NA
"11",12,2020-03-18,"AL",0,0,0,1,0,1,0,0.02996,0,NA,NA,NA,NA
"12",12,2020-03-19,"AL",0,0,3,4,0,4,0,0.11986,0,NA,NA,NA,NA
"13",12,2020-03-20,"AL",0,0,2,6,0,5,0,0.17978,0,NA,NA,NA,NA
"14",12,2020-03-21,"AL",0,0,1,7,0,7,0,0.20975,0,NA,NA,NA,NA
"15",13,2020-03-22,"AL",0,0,0,7,0,7,0,0.20975,0,NA,NA,NA,NA
"16",13,2020-03-23,"AL",0,0,1,8,0,7,0,0.23971,0,NA,120,NA,NA
"17",13,2020-03-24,"AL",0,0,2,10,0,9,0,0.29964,0,1,120,NA,NA
"18",13,2020-03-25,"AL",0,0,1,11,0,11,0,0.3296,0,1,207,NA,NA
"19",13,2020-03-26,"AL",0,0,0,11,0,11,0,0.3296,0,1,274,NA,NA
"20",13,2020-03-27,"AL",0,0,1,12,0,11,0,0.35957,0,1,274,NA,NA
"21",13,2020-03-28,"AL",0,0,2,14,0,14,0,0.41949,0,1,274,NA,NA
"22",14,2020-03-29,"AL",0,0,3,17,0,17,0,0.50939,0,1,274,NA,NA
"23",14,2020-03-30,"AL",0,0,0,17,0,17,0,0.50939,0,1,274,NA,NA
"24",14,2020-03-31,"AL",1,1,1,18,1,18,0.02996,0.53935,0.05556,1,274,NA,NA
"25",14,2020-04-01,"AL",0,1,0,18,1,18,0.02996,0.53935,0.05556,1,274,NA,NA
"26",14,2020-04-02,"AL",0,1,0,18,1,18,0.02996,0.53935,0.05556,1,274,NA,NA
"27",14,2020-04-03,"AL",1,2,5,23,2,22,0.05993,0.68917,0.08696,1,274,NA,NA
"28",14,2020-04-04,"AL",0,2,0,23,2,23,0.05993,0.68917,0.08696,1,274,NA,NA
"29",15,2020-04-05,"AL",0,2,5,28,2,28,0.05993,0.83899,0.07143,1,274,NA,NA
"30",15,2020-04-06,"AL",0,2,3,31,2,31,0.05993,0.92888,0.06452,1,274,NA,NA
"31",15,2020-04-07,"AL",0,2,3,34,2,32,0.05993,1.01877,0.05882,1,308,NA,NA
"32",15,2020-04-08,"AL",1,3,3,37,2,37,0.08989,1.10866,0.08108,1,261,NA,NA
"33",15,2020-04-09,"AL",0,3,0,37,3,37,0.08989,1.10866,0.08108,1,261,NA,NA
"34",15,2020-04-10,"AL",0,3,8,45,3,45,0.08989,1.34837,0.06667,11,272,NA,NA
"35",15,2020-04-11,"AL",0,3,3,48,3,48,0.08989,1.43826,0.0625,11,272,NA,NA
"36",16,2020-04-12,"AL",0,3,0,48,3,48,0.08989,1.43826,0.0625,11,304,NA,NA
"37",16,2020-04-13,"AL",1,4,10,58,3,50,0.11986,1.7379,0.06897,14,316,NA,NA
"38",16,2020-04-14,"AL",0,4,14,72,4,72,0.11986,2.1574,0.05556,14,316,NA,NA
"39",16,2020-04-15,"AL",1,5,11,83,5,82,0.14982,2.487,0.06024,24,290,NA,NA
"40",16,2020-04-16,"AL",0,5,6,89,5,89,0.14982,2.66678,0.05618,24,290,NA,NA
"41",16,2020-04-17,"AL",2,7,21,110,7,110,0.20975,3.29602,0.06364,26,285,NA,NA
"42",16,2020-04-18,"AL",3,10,22,132,7,132,0.29964,3.95523,0.07576,27,294,NA,NA
"43",17,2020-04-19,"AL",5,15,27,159,15,159,0.44946,4.76425,0.09434,30,303,NA,NA
"44",17,2020-04-20,"AL",3,18,12,171,18,171,0.53935,5.12382,0.10526,30,278,NA,NA
"45",17,2020-04-21,"AL",1,19,39,210,19,210,0.56931,6.2924,0.09048,72,281,NA,NA
"46",17,2020-04-22,"AL",1,20,33,243,20,243,0.59928,7.28121,0.0823,74,281,NA,NA
"47",17,2020-04-23,"AL",2,22,81,324,22,324,0.6592,9.70828,0.0679,75,317,NA,NA
"48",17,2020-04-24,"AL",5,27,89,413,27,413,0.80902,12.37506,0.06538,78,219,NA,NA
"49",17,2020-04-25,"AL",2,29,88,501,29,501,0.86895,15.01188,0.05788,87,463,NA,NA
"50",18,2020-04-26,"AL",3,32,59,560,32,554,0.95884,16.77975,0.05714,90,427,NA,NA
"51",18,2020-04-27,"AL",2,34,83,643,34,643,1.01877,19.26674,0.05288,94,483,NA,NA
"52",18,2020-04-28,"AL",2,36,134,777,36,777,1.0787,23.2819,0.04633,107,421,NA,NA
"53",18,2020-04-29,"AL",5,41,180,957,41,957,1.22852,28.67539,0.04284,107,398,NA,NA
"54",18,2020-04-30,"AL",6,47,88,1045,47,1044,1.4083,31.3122,0.04498,238,518,NA,NA
"55",18,2020-05-01,"AL",6,53,181,1226,53,1226,1.58808,36.73566,0.04323,239,812,NA,NA
"56",18,2020-05-02,"AL",5,58,146,1372,58,1372,1.7379,41.11038,0.04227,239,800,NA,NA
"57",19,2020-05-03,"AL",6,64,69,1441,64,1441,1.91769,43.17788,0.04441,292,875,NA,NA
"58",19,2020-05-04,"AL",8,72,97,1538,72,1538,2.1574,46.08437,0.04681,356,838,NA,NA
"59",19,2020-05-05,"AL",8,80,68,1606,80,1606,2.39711,48.12191,0.04981,376,1038,NA,NA
"60",19,2020-05-06,"AL",9,89,97,1703,89,1703,2.66678,51.0284,0.05226,581,1144,NA,NA
"61",19,2020-05-07,"AL",9,98,164,1867,98,1867,2.93646,55.94247,0.05249,588,1299,NA,NA
"62",19,2020-05-08,"AL",10,108,166,2033,108,2033,3.23609,60.91647,0.05312,820,1376,NA,NA
"63",19,2020-05-09,"AL",6,114,139,2172,114,2172,3.41588,65.08144,0.05249,934,1346,NA,NA
"64",20,2020-05-10,"AL",12,126,86,2258,126,2258,3.77544,67.65833,0.0558,1062,1470,NA,NA
"65",20,2020-05-11,"AL",12,138,85,2343,138,2343,4.13501,70.20526,0.0589,1227,1498,NA,NA
"66",20,2020-05-12,"AL",12,150,237,2580,150,2580,4.49457,77.30668,0.05814,1446,1334,NA,NA
"67",20,2020-05-13,"AL",14,164,181,2761,164,2761,4.91407,82.73014,0.0594,1482,1253,NA,NA
"68",20,2020-05-14,"AL",13,177,211,2972,177,2972,5.3036,89.0525,0.05956,1844,1528,NA,NA
"69",20,2020-05-15,"AL",10,187,240,3212,187,3212,5.60324,96.24382,0.05822,1966,1624,NA,NA
"70",20,2020-05-16,"AL",12,199,381,3593,199,3593,5.9628,107.66004,0.05539,2133,1237,NA,NA
"71",21,2020-05-17,"AL",11,210,223,3816,210,3816,6.2924,114.34198,0.05503,2132,937,NA,NA
"72",21,2020-05-18,"AL",11,221,215,4031,221,4031,6.62201,120.7842,0.05483,2379,1090,NA,NA
"73",21,2020-05-19,"AL",14,235,288,4319,231,4316,7.0415,129.41378,0.05441,2504,1100,NA,NA
"74",21,2020-05-20,"AL",16,251,118,4437,251,4437,7.52092,132.94952,0.05657,2619,1100,NA,NA
"75",21,2020-05-21,"AL",11,262,479,4916,262,4916,7.85052,147.30219,0.0533,2822,1100,NA,NA
"76",21,2020-05-22,"AL",18,280,386,5302,280,5302,8.38987,158.86823,0.05281,3040,1615,NA,NA
"77",21,2020-05-23,"AL",21,301,328,5630,301,5630,9.01911,168.69637,0.05346,3224,1427,NA,NA
"78",22,2020-05-24,"AL",15,316,584,6214,316,6214,9.46857,186.19524,0.05085,3436,990,NA,NA
"79",22,2020-05-25,"AL",21,337,468,6682,337,6682,10.09781,200.21832,0.05043,3653,672,NA,NA
"80",22,2020-05-26,"AL",17,354,376,7058,354,7058,10.6072,211.48472,0.05016,3880,415,NA,NA
"81",22,2020-05-27,"AL",14,368,522,7580,368,7580,11.02669,227.12584,0.04855,4299,1470,NA,NA
"82",22,2020-05-28,"AL",17,385,476,8056,385,8055,11.53607,241.38862,0.04779,4558,1322,NA,NA
"83",22,2020-05-29,"AL",21,406,563,8619,406,8618,12.16532,258.25826,0.04711,5067,1230,NA,NA
"84",22,2020-05-30,"AL",18,424,604,9223,424,9223,12.70466,276.35641,0.04597,5292,978,NA,NA
"85",23,2020-05-31,"AL",19,443,1065,10288,443,10288,13.27398,308.26789,0.04306,5480,2875,NA,NA
"86",23,2020-06-01,"AL",18,461,549,10837,461,10837,13.81333,324.71803,0.04254,5951,2581,NA,NA
"87",23,2020-06-02,"AL",21,482,722,11559,482,11559,14.44257,346.35192,0.0417,6575,2144,NA,NA
"88",23,2020-06-03,"AL",24,506,848,12407,506,12407,15.1617,371.76125,0.04078,7339,1623,NA,NA
"89",23,2020-06-04,"AL",25,531,690,13097,531,13097,15.91079,392.43629,0.04054,7876,1605,NA,NA
"90",23,2020-06-05,"AL",26,557,842,13939,557,13937,16.68985,417.66584,0.03996,8461,1412,NA,NA
"91",23,2020-06-06,"AL",25,582,879,14818,582,14818,17.43895,444.00404,0.03928,8837,1919,NA,NA
"92",24,2020-06-07,"AL",19,601,889,15707,601,15706,18.00826,470.64189,0.03826,9140,1737,NA,NA
"93",24,2020-06-08,"AL",21,622,633,16340,601,15706,18.6375,489.60899,0.03807,9645,1889,NA,NA
"94",24,2020-06-09,"AL",18,640,853,17193,640,17193,19.17685,515.16814,0.03722,10290,1889,NA,NA
"95",24,2020-06-10,"AL",20,660,983,18176,660,18176,19.77613,544.62259,0.03631,11220,2340,NA,NA
"96",24,2020-06-11,"AL",21,681,1024,19200,681,19200,20.40537,575.30555,0.03547,12177,2104,NA,NA
"97",24,2020-06-12,"AL",20,701,831,20031,701,20031,21.00465,600.20549,0.035,13094,1538,NA,NA
"98",24,2020-06-13,"AL",22,723,856,20887,723,20887,21.66385,625.85453,0.03461,13761,1455,NA,NA
"99",25,2020-06-14,"AL",21,744,1312,22199,744,22199,22.29309,665.16708,0.03352,14261,1083,NA,NA
"100",25,2020-06-15,"AL",24,768,763,22962,768,22962,23.01222,688.02948,0.03345,15169,970,NA,NA
"101",25,2020-06-16,"AL",25,793,670,23632,793,23632,23.76132,708.10525,0.03356,16115,1964,NA,NA
"102",25,2020-06-17,"AL",18,811,1235,24867,811,24867,24.30067,745.11058,0.03261,17065,2567,NA,NA
"103",25,2020-06-18,"AL",20,831,766,25633,831,25633,24.89994,768.06287,0.03242,17941,3025,NA,NA
"104",25,2020-06-19,"AL",17,848,1273,26906,848,26906,25.40933,806.20683,0.03152,19154,4300,NA,NA
"105",25,2020-06-20,"AL",18,866,792,27698,866,27698,25.94868,829.93818,0.03127,19644,4528,NA,NA
"106",26,2020-06-21,"AL",18,884,959,28657,884,28657,26.48803,858.6735,0.03085,20320,3982,NA,NA
"107",26,2020-06-22,"AL",19,903,738,29395,903,29395,27.05734,880.7868,0.03072,21362,3192,NA,NA
"108",26,2020-06-23,"AL",17,920,853,30248,920,30248,27.56672,906.34595,0.03042,22189,3719,NA,NA
"109",26,2020-06-24,"AL",18,938,982,31230,938,31230,28.10607,935.77043,0.03004,23185,3774,NA,NA
"110",26,2020-06-25,"AL",20,958,835,32065,958,32065,28.70535,960.79023,0.02988,23766,3957,NA,NA
