"","epi_week","date","state","newDeaths","deaths","newCases","totalCases","deathsMS","totalCasesMS","deaths_per_100k_inhabitants","totalCases_per_100k_inhabitants","deaths_by_totalCases","recovered","suspects","tests","tests_per_100k_inhabitants"
"1",12,2020-03-20,"AP",0,0,1,1,0,1,0,0.11824,0,NA,NA,NA,NA
"2",12,2020-03-21,"AP",0,0,0,1,0,1,0,0.11824,0,NA,NA,NA,NA
"3",13,2020-03-22,"AP",0,0,0,1,0,1,0,0.11824,0,NA,NA,NA,NA
"4",13,2020-03-23,"AP",0,0,0,1,0,1,0,0.11824,0,NA,NA,NA,NA
"5",13,2020-03-24,"AP",0,0,0,1,0,1,0,0.11824,0,NA,NA,NA,NA
"6",13,2020-03-25,"AP",0,0,1,2,0,1,0,0.23648,0,NA,183,NA,NA
"7",13,2020-03-26,"AP",0,0,0,2,0,2,0,0.23648,0,NA,183,NA,NA
"8",13,2020-03-27,"AP",0,0,1,3,0,2,0,0.35472,0,NA,183,NA,NA
"9",13,2020-03-28,"AP",0,0,1,4,0,4,0,0.47296,0,NA,292,NA,NA
"10",14,2020-03-29,"AP",0,0,4,8,0,4,0,0.94593,0,NA,292,NA,NA
"11",14,2020-03-30,"AP",0,0,0,8,0,8,0,0.94593,0,NA,292,NA,NA
"12",14,2020-03-31,"AP",0,0,2,10,0,10,0,1.18241,0,NA,383,NA,NA
"13",14,2020-04-01,"AP",0,0,1,11,0,11,0,1.30065,0,NA,383,NA,NA
"14",14,2020-04-02,"AP",0,0,1,12,0,11,0,1.41889,0,NA,512,NA,NA
"15",14,2020-04-03,"AP",0,0,7,19,0,19,0,2.24658,0,NA,512,NA,NA
"16",14,2020-04-04,"AP",1,1,10,29,1,28,0.11824,3.42899,0.03448,NA,512,NA,NA
"17",15,2020-04-05,"AP",1,2,3,32,2,29,0.23648,3.78371,0.0625,NA,512,NA,NA
"18",15,2020-04-06,"AP",0,2,7,39,2,34,0.23648,4.6114,0.05128,NA,512,NA,NA
"19",15,2020-04-07,"AP",0,2,12,51,2,48,0.23648,6.03029,0.03922,23,670,NA,NA
"20",15,2020-04-08,"AP",0,2,56,107,2,107,0.23648,12.65178,0.01869,23,670,NA,NA
"21",15,2020-04-09,"AP",0,2,21,128,2,128,0.23648,15.13484,0.01562,23,670,NA,NA
"22",15,2020-04-10,"AP",0,2,38,166,2,166,0.23648,19.62799,0.01205,55,670,NA,NA
"23",15,2020-04-11,"AP",3,5,27,193,3,193,0.5912,22.82049,0.02591,55,670,NA,NA
"24",16,2020-04-12,"AP",0,5,44,237,5,230,0.5912,28.02309,0.0211,92,143,NA,NA
"25",16,2020-04-13,"AP",1,6,7,244,5,242,0.70945,28.85078,0.02459,92,143,NA,NA
"26",16,2020-04-14,"AP",1,7,64,308,6,307,0.82769,36.4182,0.02273,133,240,NA,NA
"27",16,2020-04-15,"AP",0,7,34,342,7,334,0.82769,40.43839,0.02047,145,305,NA,NA
"28",16,2020-04-16,"AP",3,10,20,362,9,362,1.18241,42.80321,0.02762,161,305,NA,NA
"29",16,2020-04-17,"AP",0,10,13,375,10,370,1.18241,44.34034,0.02667,166,305,NA,NA
"30",16,2020-04-18,"AP",0,10,25,400,10,393,1.18241,47.29636,0.025,179,727,NA,NA
"31",17,2020-04-19,"AP",1,11,16,416,11,416,1.30065,49.18822,0.02644,189,689,NA,NA
"32",17,2020-04-20,"AP",2,13,19,435,13,433,1.53713,51.43479,0.02989,206,728,NA,NA
"33",17,2020-04-21,"AP",0,13,31,466,13,457,1.53713,55.10026,0.0279,222,819,NA,NA
"34",17,2020-04-22,"AP",1,14,26,492,14,479,1.65537,58.17453,0.02846,236,1152,NA,NA
"35",17,2020-04-23,"AP",2,16,63,555,16,548,1.89185,65.6237,0.02883,258,932,NA,NA
"36",17,2020-04-24,"AP",2,18,93,648,18,633,2.12834,76.62011,0.02778,272,938,NA,NA
"37",17,2020-04-25,"AP",2,20,41,689,19,685,2.36482,81.46798,0.02903,285,993,NA,NA
"38",18,2020-04-26,"AP",3,23,132,821,21,798,2.71954,97.07578,0.02801,306,1122,NA,NA
"39",18,2020-04-27,"AP",3,26,21,842,26,842,3.07426,99.55884,0.03088,355,1399,NA,NA
"40",18,2020-04-28,"AP",2,28,76,918,28,918,3.31075,108.54515,0.0305,419,1610,NA,NA
"41",18,2020-04-29,"AP",3,31,98,1016,31,1016,3.66547,120.13276,0.03051,471,1527,NA,NA
"42",18,2020-04-30,"AP",3,34,64,1080,34,1080,4.02019,127.70018,0.03148,475,1941,NA,NA
"43",18,2020-05-01,"AP",3,37,41,1121,37,1121,4.37491,132.54806,0.03301,488,2302,NA,NA
"44",18,2020-05-02,"AP",3,40,66,1187,40,1187,4.72964,140.35196,0.0337,507,2557,NA,NA
"45",19,2020-05-03,"AP",3,43,295,1482,43,1482,5.08436,175.23302,0.02901,521,2348,NA,NA
"46",19,2020-05-04,"AP",6,49,251,1733,49,1733,5.7938,204.91149,0.02827,531,2346,NA,NA
"47",19,2020-05-05,"AP",6,55,198,1931,55,1931,6.50325,228.32319,0.02848,557,2512,NA,NA
"48",19,2020-05-06,"AP",1,56,115,2046,56,2046,6.62149,241.92089,0.02737,596,2990,NA,NA
"49",19,2020-05-07,"AP",5,61,153,2199,61,2199,7.2127,260.01175,0.02774,612,3331,NA,NA
"50",19,2020-05-08,"AP",5,66,123,2322,66,2322,7.8039,274.55538,0.02842,640,3469,NA,NA
"51",19,2020-05-09,"AP",3,69,171,2493,69,2493,8.15862,294.77458,0.02768,665,4453,NA,NA
"52",20,2020-05-10,"AP",3,72,120,2613,72,2613,8.51335,308.96349,0.02755,707,4942,NA,NA
"53",20,2020-05-11,"AP",1,73,58,2671,73,2671,8.63159,315.82146,0.02733,752,5147,NA,NA
"54",20,2020-05-12,"AP",13,86,239,2910,86,2910,10.16872,344.08104,0.02955,837,5205,NA,NA
"55",20,2020-05-13,"AP",8,94,95,3005,94,3005,11.11465,355.31392,0.03128,862,5418,NA,NA
"56",20,2020-05-14,"AP",7,101,423,3428,101,3428,11.94233,405.32983,0.02946,1014,5869,NA,NA
"57",20,2020-05-15,"AP",2,103,202,3630,103,3630,12.17881,429.21449,0.02837,1049,6235,NA,NA
"58",20,2020-05-16,"AP",5,108,204,3834,108,3834,12.77002,453.33564,0.02817,1078,6319,NA,NA
"59",21,2020-05-17,"AP",11,119,118,3952,119,3952,14.07067,467.28806,0.03011,1078,6319,NA,NA
"60",21,2020-05-18,"AP",8,127,71,4023,127,4023,15.0166,475.68317,0.03157,1168,7309,NA,NA
"61",21,2020-05-19,"AP",9,136,287,4310,136,4310,16.08076,509.61831,0.03155,1231,7446,NA,NA
"62",21,2020-05-20,"AP",6,142,239,4549,142,4549,16.79021,537.87788,0.03122,1348,7576,NA,NA
"63",21,2020-05-21,"AP",9,151,639,5188,151,5188,17.85438,613.43382,0.02911,1435,8005,NA,NA
"64",21,2020-05-22,"AP",6,157,467,5655,157,5655,18.56382,668.65233,0.02776,1754,8031,NA,NA
"65",21,2020-05-23,"AP",5,162,436,6091,162,6091,19.15503,720.20536,0.0266,2324,8386,NA,NA
"66",22,2020-05-24,"AP",1,163,262,6353,163,6353,19.27327,751.18448,0.02566,2455,8609,NA,NA
"67",22,2020-05-25,"AP",5,168,231,6584,168,6584,19.86447,778.49813,0.02552,2584,8537,NA,NA
"68",22,2020-05-26,"AP",5,173,383,6967,173,6967,20.45568,823.78439,0.02483,2700,9144,NA,NA
"69",22,2020-05-27,"AP",10,183,652,7619,183,7619,21.63809,900.87747,0.02402,2933,9289,NA,NA
"70",22,2020-05-28,"AP",15,198,533,8152,198,8152,23.4117,963.89987,0.02429,3323,9527,NA,NA
"71",22,2020-05-29,"AP",9,207,317,8469,207,8469,24.47587,1001.38224,0.02444,3534,9759,NA,NA
"72",22,2020-05-30,"AP",8,215,844,9313,215,9313,25.42179,1101.17756,0.02309,3757,9251,NA,NA
"73",23,2020-05-31,"AP",7,222,289,9602,222,9602,26.24948,1135.34918,0.02312,3857,9418,NA,NA
"74",23,2020-06-01,"AP",6,228,288,9890,228,9890,26.95893,1169.40256,0.02305,4039,9566,NA,NA
"75",23,2020-06-02,"AP",9,237,621,10511,237,10511,28.02309,1242.83017,0.02255,4362,9855,NA,NA
"76",23,2020-06-03,"AP",10,247,596,11107,247,11107,29.2055,1313.30175,0.02224,4859,9944,NA,NA
"77",23,2020-06-04,"AP",7,254,444,11551,254,11551,30.03319,1365.80071,0.02199,5268,9940,NA,NA
"78",23,2020-06-05,"AP",6,260,776,12327,260,12327,30.74264,1457.55565,0.02109,5766,10146,NA,NA
"79",23,2020-06-06,"AP",9,269,446,12773,269,12773,31.8068,1510.2911,0.02106,5934,10327,NA,NA
"80",24,2020-06-07,"AP",3,272,272,13045,272,13045,32.16153,1542.45262,0.02085,6016,10491,NA,NA
"81",24,2020-06-08,"AP",6,278,249,13294,278,13294,32.87097,1571.89461,0.02091,6148,10486,NA,NA
"82",24,2020-06-09,"AP",7,285,477,13771,285,13771,33.69866,1628.29552,0.0207,6544,10612,NA,NA
"83",24,2020-06-10,"AP",4,289,852,14623,289,14623,34.17162,1729.03677,0.01976,6717,10700,NA,NA
"84",24,2020-06-11,"AP",14,303,543,15166,303,15166,35.82699,1793.24159,0.01998,7095,10700,NA,NA
"85",24,2020-06-12,"AP",9,312,517,15683,312,15683,36.89116,1854.37213,0.01989,7253,10560,NA,NA
"86",24,2020-06-13,"AP",7,319,639,16322,319,16322,37.71885,1929.92807,0.01954,7311,10538,NA,NA
"87",25,2020-06-14,"AP",5,324,190,16512,324,16512,38.31005,1952.39385,0.01962,7363,10328,NA,NA
"88",25,2020-06-15,"AP",5,329,301,16813,329,16813,38.90126,1987.98436,0.01957,7460,10601,NA,NA
"89",25,2020-06-16,"AP",8,337,1211,18024,337,18024,39.84719,2131.1741,0.0187,8041,10651,NA,NA
"90",25,2020-06-17,"AP",1,338,594,18618,338,18618,39.96543,2201.4092,0.01815,8529,10707,NA,NA
"91",25,2020-06-18,"AP",4,342,769,19387,342,19387,40.43839,2292.33645,0.01764,8766,10740,NA,NA
"92",25,2020-06-19,"AP",6,348,535,19922,348,19922,41.14784,2355.59534,0.01747,9080,10893,NA,NA
"93",25,2020-06-20,"AP",5,353,1652,21574,353,21574,41.73904,2550.92931,0.01636,9416,9337,NA,NA
"94",26,2020-06-21,"AP",6,359,266,21840,359,21840,42.44849,2582.3814,0.01644,9521,9269,NA,NA
"95",26,2020-06-22,"AP",13,372,3022,24862,372,24682,43.98562,2939.70541,0.01496,9601,5494,NA,NA
"96",26,2020-06-23,"AP",8,380,1575,26437,380,26437,44.93154,3125.93484,0.01437,10178,5360,NA,NA
"97",26,2020-06-24,"AP",7,387,482,26919,387,26919,45.75923,3182.92696,0.01438,10544,5231,NA,NA
"98",26,2020-06-25,"AP",7,394,496,27415,394,27415,46.58692,3241.57445,0.01437,10912,4334,NA,NA
