"","epi_week","date","state","newDeaths","deaths","newCases","totalCases","deathsMS","totalCasesMS","deaths_per_100k_inhabitants","totalCases_per_100k_inhabitants","deaths_by_totalCases","recovered","suspects","tests","tests_per_100k_inhabitants"
"1",10,2020-03-06,"BA",0,0,1,1,0,1,0,0.00672,0,NA,NA,NA,NA
"2",10,2020-03-07,"BA",0,0,1,2,0,2,0,0.01345,0,NA,NA,NA,NA
"3",11,2020-03-08,"BA",0,0,0,2,0,2,0,0.01345,0,NA,NA,NA,NA
"4",11,2020-03-09,"BA",0,0,0,2,0,2,0,0.01345,0,NA,NA,NA,NA
"5",11,2020-03-10,"BA",0,0,0,2,0,2,0,0.01345,0,NA,NA,NA,NA
"6",11,2020-03-11,"BA",0,0,1,3,0,2,0,0.02017,0,NA,NA,NA,NA
"7",11,2020-03-12,"BA",0,0,0,3,0,2,0,0.02017,0,NA,NA,NA,NA
"8",11,2020-03-13,"BA",0,0,4,7,0,2,0,0.04706,0,NA,NA,NA,NA
"9",11,2020-03-14,"BA",0,0,0,7,0,2,0,0.04706,0,NA,NA,NA,NA
"10",12,2020-03-15,"BA",0,0,2,9,0,2,0,0.06051,0,NA,NA,NA,NA
"11",12,2020-03-16,"BA",0,0,1,10,0,2,0,0.06724,0,NA,NA,NA,NA
"12",12,2020-03-17,"BA",0,0,4,14,0,3,0,0.09413,0,NA,NA,NA,NA
"13",12,2020-03-18,"BA",0,0,13,27,0,3,0,0.18154,0,NA,NA,NA,NA
"14",12,2020-03-19,"BA",0,0,4,31,0,30,0,0.20843,0,NA,NA,NA,NA
"15",12,2020-03-20,"BA",0,0,3,34,0,33,0,0.2286,0,NA,NA,NA,NA
"16",12,2020-03-21,"BA",0,0,7,41,0,41,0,0.27567,0,NA,NA,NA,NA
"17",13,2020-03-22,"BA",0,0,14,55,0,49,0,0.3698,0,NA,NA,NA,NA
"18",13,2020-03-23,"BA",0,0,8,63,0,63,0,0.42358,0,NA,1219,NA,NA
"19",13,2020-03-24,"BA",0,0,16,79,0,76,0,0.53116,0,1,1219,NA,NA
"20",13,2020-03-25,"BA",0,0,12,91,0,84,0,0.61184,0,1,1219,NA,NA
"21",13,2020-03-26,"BA",0,0,17,108,0,104,0,0.72614,0,16,NA,NA,NA
"22",13,2020-03-27,"BA",0,0,15,123,0,115,0,0.827,0,16,NA,NA,NA
"23",13,2020-03-28,"BA",0,0,4,127,0,127,0,0.85389,0,16,NA,NA,NA
"24",14,2020-03-29,"BA",1,1,29,156,1,154,0.00672,1.04888,0.00641,16,NA,NA,NA
"25",14,2020-03-30,"BA",1,2,20,176,1,176,0.01345,1.18335,0.01136,16,NA,NA,NA
"26",14,2020-03-31,"BA",0,2,41,217,2,213,0.01345,1.45901,0.00922,16,NA,NA,NA
"27",14,2020-04-01,"BA",0,2,29,246,2,246,0.01345,1.654,0.00813,16,NA,NA,NA
"28",14,2020-04-02,"BA",1,3,21,267,3,267,0.02017,1.79519,0.01124,16,NA,NA,NA
"29",14,2020-04-03,"BA",3,6,23,290,5,282,0.04034,1.94983,0.02069,16,NA,NA,NA
"30",14,2020-04-04,"BA",1,7,46,336,7,332,0.04706,2.25912,0.02083,16,NA,NA,NA
"31",15,2020-04-05,"BA",2,9,65,401,9,401,0.06051,2.69615,0.02244,16,NA,NA,NA
"32",15,2020-04-06,"BA",1,10,36,437,10,431,0.06724,2.9382,0.02288,63,NA,NA,NA
"33",15,2020-04-07,"BA",4,14,25,462,12,456,0.09413,3.10629,0.0303,106,NA,NA,NA
"34",15,2020-04-08,"BA",4,18,53,515,15,497,0.12102,3.46264,0.03495,106,NA,NA,NA
"35",15,2020-04-09,"BA",1,19,53,568,19,559,0.12775,3.81898,0.03345,146,NA,NA,NA
"36",15,2020-04-10,"BA",0,19,48,616,19,604,0.12775,4.14172,0.03084,146,NA,NA,NA
"37",15,2020-04-11,"BA",2,21,24,640,21,635,0.14119,4.30308,0.03281,146,NA,NA,NA
"38",16,2020-04-12,"BA",0,21,34,674,21,673,0.14119,4.53168,0.03116,148,NA,NA,NA
"39",16,2020-04-13,"BA",1,22,49,723,22,723,0.14792,4.86114,0.03043,148,NA,NA,NA
"40",16,2020-04-14,"BA",4,26,53,776,22,759,0.17481,5.21749,0.03351,191,NA,NA,NA
"41",16,2020-04-15,"BA",2,28,108,884,27,807,0.18826,5.94363,0.03167,218,NA,NA,NA
"42",16,2020-04-16,"BA",6,34,83,967,30,951,0.2286,6.50169,0.03516,253,NA,NA,NA
"43",16,2020-04-17,"BA",2,36,97,1064,36,1059,0.24205,7.15387,0.03383,268,NA,NA,NA
"44",16,2020-04-18,"BA",4,40,136,1200,37,1193,0.26894,8.06828,0.03333,304,NA,NA,NA
"45",17,2020-04-19,"BA",5,45,49,1249,45,1230,0.30256,8.39773,0.03603,321,152,NA,NA
"46",17,2020-04-20,"BA",2,47,128,1377,46,1341,0.31601,9.25835,0.03413,351,152,NA,NA
"47",17,2020-04-21,"BA",1,48,127,1504,47,1489,0.32273,10.11224,0.03191,376,152,NA,NA
"48",17,2020-04-22,"BA",5,53,141,1645,50,1644,0.35635,11.06026,0.03222,405,152,NA,NA
"49",17,2020-04-23,"BA",9,62,200,1845,59,1789,0.41686,12.40498,0.0336,428,NA,NA,NA
"50",17,2020-04-24,"BA",5,67,134,1979,64,1962,0.45048,13.30593,0.03386,452,NA,NA,NA
"51",17,2020-04-25,"BA",5,72,137,2116,70,2081,0.4841,14.22706,0.03403,454,3714,NA,NA
"52",18,2020-04-26,"BA",2,74,132,2248,73,2209,0.49754,15.11457,0.03292,473,1840,NA,NA
"53",18,2020-04-27,"BA",9,83,108,2356,76,2354,0.55806,15.84072,0.03523,501,1840,NA,NA
"54",18,2020-04-28,"BA",10,93,208,2564,86,2540,0.62529,17.23922,0.03627,522,1840,NA,NA
"55",18,2020-04-29,"BA",7,100,112,2676,96,2646,0.67236,17.99226,0.03737,564,1840,NA,NA
"56",18,2020-04-30,"BA",6,106,191,2867,104,2851,0.7127,19.27646,0.03697,686,1840,NA,NA
"57",18,2020-05-01,"BA",11,117,273,3140,117,3085,0.78666,21.11199,0.03726,697,1840,NA,NA
"58",18,2020-05-02,"BA",6,123,175,3315,123,3315,0.827,22.28862,0.0371,727,1840,NA,NA
"59",19,2020-05-03,"BA",5,128,251,3566,123,3495,0.86062,23.97623,0.03589,764,3672,NA,NA
"60",19,2020-05-04,"BA",13,141,168,3734,141,3734,0.94802,25.10579,0.03776,817,3672,NA,NA
"61",19,2020-05-05,"BA",5,146,306,4040,146,4040,0.98164,27.1632,0.03614,862,3672,NA,NA
"62",19,2020-05-06,"BA",14,160,261,4301,160,4301,1.07577,28.91805,0.0372,918,1958,NA,NA
"63",19,2020-05-07,"BA",5,165,227,4528,165,4528,1.10939,30.4443,0.03644,1070,1958,NA,NA
"64",19,2020-05-08,"BA",18,183,291,4819,183,4818,1.23041,32.40086,0.03797,1286,1958,NA,NA
"65",19,2020-05-09,"BA",13,196,356,5175,196,5174,1.31782,34.79444,0.03787,1337,1958,NA,NA
"66",20,2020-05-10,"BA",6,202,384,5559,202,5558,1.35816,37.37629,0.03634,1391,3407,NA,NA
"67",20,2020-05-11,"BA",12,214,249,5808,211,5808,1.43884,39.05046,0.03685,1418,3407,NA,NA
"68",20,2020-05-12,"BA",11,225,397,6205,225,6204,1.5128,41.71972,0.03626,1644,2029,NA,NA
"69",20,2020-05-13,"BA",11,236,344,6549,236,6547,1.58676,44.03262,0.03604,1790,2029,NA,NA
"70",20,2020-05-14,"BA",26,262,407,6956,262,6955,1.76157,46.76911,0.03767,1963,2733,NA,NA
"71",20,2020-05-15,"BA",19,281,1174,8130,281,8128,1.88932,54.66258,0.03456,1963,2733,NA,NA
"72",20,2020-05-16,"BA",5,286,186,8316,286,8314,1.92294,55.91316,0.03439,2085,2733,NA,NA
"73",21,2020-05-17,"BA",9,295,128,8444,295,8443,1.98345,56.77378,0.03494,2199,2733,NA,NA
"74",21,2020-05-18,"BA",17,312,438,8882,312,8581,2.09775,59.7187,0.03513,2407,23532,NA,NA
"75",21,2020-05-19,"BA",14,326,2132,11014,326,11013,2.19188,74.05334,0.0296,2803,23532,NA,NA
"76",21,2020-05-20,"BA",36,362,184,11198,362,11197,2.43393,75.29047,0.03233,3216,23532,NA,NA
"77",21,2020-05-21,"BA",14,376,744,11942,376,11941,2.52806,80.2928,0.03149,3523,22316,NA,NA
"78",21,2020-05-22,"BA",23,399,616,12558,399,12557,2.6827,84.43452,0.03177,3679,34275,NA,NA
"79",21,2020-05-23,"BA",14,413,443,13001,413,13000,2.77683,87.41306,0.03177,3934,37426,NA,NA
"80",22,2020-05-24,"BA",47,460,899,13900,460,13899,3.09284,93.45754,0.03309,3965,37967,NA,NA
"81",22,2020-05-25,"BA",17,477,305,14205,477,14204,3.20714,95.50823,0.03358,3965,41935,NA,NA
"82",22,2020-05-26,"BA",18,495,362,14567,495,14566,3.32816,97.94216,0.03398,4680,42271,NA,NA
"83",22,2020-05-27,"BA",36,531,503,15070,531,15070,3.57021,101.32411,0.03524,5149,45606,NA,NA
"84",22,2020-05-28,"BA",39,570,893,15963,570,15963,3.83243,107.32825,0.03571,5220,49251,NA,NA
"85",22,2020-05-29,"BA",39,609,954,16917,609,16917,4.09465,113.74253,0.036,5502,52594,NA,NA
"86",22,2020-05-30,"BA",29,638,709,17626,638,17626,4.28963,118.50954,0.0362,5709,55785,NA,NA
"87",23,2020-05-31,"BA",29,667,766,18392,667,18392,4.48462,123.65979,0.03627,6053,56544,NA,NA
"88",23,2020-06-01,"BA",34,701,506,18898,701,18898,4.71322,127.06192,0.03709,6701,57285,NA,NA
"89",23,2020-06-02,"BA",35,736,2532,21430,736,21430,4.94854,144.08598,0.03434,7247,59638,NA,NA
"90",23,2020-06-03,"BA",26,762,1021,22451,762,22451,5.12336,150.95074,0.03394,7823,63841,NA,NA
"91",23,2020-06-04,"BA",28,790,1012,23463,790,23463,5.31162,157.75499,0.03367,8430,67683,NA,NA
"92",23,2020-06-05,"BA",29,819,2956,26419,819,26419,5.5066,177.62984,0.031,11464,70114,NA,NA
"93",23,2020-06-06,"BA",27,846,977,27396,846,27396,5.68814,184.19876,0.03088,11829,74131,NA,NA
"94",24,2020-06-07,"BA",33,879,854,28250,879,28250,5.91001,189.94069,0.03112,12131,75607,NA,NA
"95",24,2020-06-08,"BA",31,910,465,28715,910,28715,6.11844,193.06714,0.03169,12406,76423,NA,NA
"96",24,2020-06-09,"BA",27,937,1766,30481,937,30481,6.29998,204.94096,0.03074,13484,82518,NA,NA
"97",24,2020-06-10,"BA",38,975,2204,32685,975,32685,6.55548,219.75969,0.02983,14228,89334,NA,NA
"98",24,2020-06-11,"BA",38,1013,1206,33891,1013,33891,6.81097,227.86831,0.02989,14610,94080,NA,NA
"99",24,2020-06-12,"BA",26,1039,774,34665,1039,34665,6.98578,233.07235,0.02997,14976,94080,NA,NA
"100",24,2020-06-13,"BA",30,1069,1123,35788,1069,35788,7.18749,240.62291,0.02987,15279,100211,NA,NA
"101",25,2020-06-14,"BA",36,1105,614,36402,1105,36401,7.42954,244.75118,0.03036,15486,81601,NA,NA
"102",25,2020-06-15,"BA",40,1145,1219,37621,1145,37620,7.69848,252.94721,0.03044,15850,81369,NA,NA
"103",25,2020-06-16,"BA",36,1181,1586,39207,1181,39206,7.94053,263.61078,0.03012,16777,85523,NA,NA
"104",25,2020-06-17,"BA",41,1222,1720,40927,1222,40926,8.2162,275.17531,0.02986,17886,91930,NA,NA
"105",25,2020-06-18,"BA",41,1263,651,41578,1263,41577,8.49186,279.55235,0.03038,18351,91930,NA,NA
"106",25,2020-06-19,"BA",42,1305,2345,43923,1305,43922,8.77425,295.31911,0.02971,22028,99033,NA,NA
"107",25,2020-06-20,"BA",45,1350,1382,45305,1350,45304,9.07681,304.61107,0.0298,21691,102400,NA,NA
"108",26,2020-06-21,"BA",41,1391,975,46280,1391,46279,9.35248,311.16655,0.03006,22588,102016,NA,NA
"109",26,2020-06-22,"BA",50,1441,807,47087,1441,47086,9.68866,316.59247,0.0306,23305,101457,NA,NA
"110",26,2020-06-23,"BA",50,1491,1998,49085,1491,49084,10.02483,330.02615,0.03038,25255,101457,NA,NA
"111",26,2020-06-24,"BA",50,1541,2847,51932,1541,51931,10.36101,349.16813,0.02967,27521,102247,NA,NA
"112",26,2020-06-25,"BA",60,1601,2359,54291,1601,54291,10.76443,365.02902,0.02949,29193,69531,NA,NA
