"","epi_week","date","state","newDeaths","deaths","newCases","totalCases","deathsMS","totalCasesMS","deaths_per_100k_inhabitants","totalCases_per_100k_inhabitants","deaths_by_totalCases","recovered","suspects","tests","tests_per_100k_inhabitants"
"1",12,2020-03-16,"CE",0,0,9,9,0,0,0,0.09855,0,NA,NA,NA,NA
"2",12,2020-03-17,"CE",0,0,1,10,0,5,0,0.1095,0,NA,NA,NA,NA
"3",12,2020-03-18,"CE",0,0,9,19,0,9,0,0.20806,0,NA,NA,NA,NA
"4",12,2020-03-19,"CE",0,0,5,24,0,20,0,0.26281,0,NA,NA,NA,NA
"5",12,2020-03-20,"CE",0,0,44,68,0,55,0,0.74463,0,NA,NA,NA,NA
"6",12,2020-03-21,"CE",0,0,16,84,0,68,0,0.91983,0,NA,NA,NA,NA
"7",13,2020-03-22,"CE",0,0,41,125,0,112,0,1.3688,0,NA,NA,NA,NA
"8",13,2020-03-23,"CE",0,0,39,164,0,163,0,1.79587,0,NA,NA,NA,NA
"9",13,2020-03-24,"CE",0,0,21,185,0,182,0,2.02583,0,NA,NA,NA,NA
"10",13,2020-03-25,"CE",0,0,26,211,0,200,0,2.31054,0,NA,NA,NA,NA
"11",13,2020-03-26,"CE",3,3,26,237,3,235,0.03285,2.59525,0.01266,NA,4129,NA,NA
"12",13,2020-03-27,"CE",0,3,45,282,3,282,0.03285,3.08802,0.01064,NA,4129,NA,NA
"13",13,2020-03-28,"CE",1,4,40,322,4,314,0.0438,3.52603,0.01242,NA,4129,NA,NA
"14",14,2020-03-29,"CE",1,5,37,359,5,348,0.05475,3.9312,0.01393,NA,4129,NA,NA
"15",14,2020-03-30,"CE",0,5,23,382,5,372,0.05475,4.18306,0.01309,NA,4129,NA,NA
"16",14,2020-03-31,"CE",2,7,19,401,7,390,0.07665,4.39111,0.01746,NA,4129,NA,NA
"17",14,2020-04-01,"CE",2,9,44,445,8,444,0.09855,4.87293,0.02022,NA,4129,NA,NA
"18",14,2020-04-02,"CE",12,21,120,565,20,550,0.22996,6.18698,0.03717,NA,4200,NA,NA
"19",14,2020-04-03,"CE",1,22,93,658,22,627,0.24091,7.20537,0.03343,NA,4200,NA,NA
"20",14,2020-04-04,"CE",1,23,87,745,22,730,0.25186,8.15806,0.03087,NA,4200,NA,NA
"21",15,2020-04-05,"CE",12,35,218,963,26,823,0.38326,10.54525,0.03634,NA,3890,NA,NA
"22",15,2020-04-06,"CE",1,36,83,1046,29,1013,0.39421,11.45413,0.03442,NA,3684,NA,NA
"23",15,2020-04-07,"CE",4,40,143,1189,31,1051,0.43802,13.02004,0.03364,NA,9059,NA,NA
"24",15,2020-04-08,"CE",17,57,205,1394,43,1291,0.62417,15.26487,0.04089,NA,9387,NA,NA
"25",15,2020-04-09,"CE",0,57,51,1445,55,1425,0.62417,15.82334,0.03945,NA,10055,NA,NA
"26",15,2020-04-10,"CE",10,67,113,1558,58,1478,0.73368,17.06074,0.043,NA,10177,NA,NA
"27",15,2020-04-11,"CE",7,74,110,1668,67,1582,0.81033,18.26528,0.04436,NA,10257,NA,NA
"28",16,2020-04-12,"CE",2,76,79,1747,74,1676,0.83223,19.13037,0.0435,NA,10149,NA,NA
"29",16,2020-04-13,"CE",25,101,189,1936,91,1800,1.10599,21.19999,0.05217,NA,11726,NA,NA
"30",16,2020-04-14,"CE",10,111,136,2072,107,2005,1.2155,22.68925,0.05357,NA,11541,NA,NA
"31",16,2020-04-15,"CE",13,124,220,2292,116,2157,1.35785,25.09834,0.0541,NA,11454,NA,NA
"32",16,2020-04-16,"CE",11,135,120,2412,124,2386,1.47831,26.41239,0.05597,NA,10614,NA,NA
"33",16,2020-04-17,"CE",20,155,335,2747,149,2684,1.69731,30.08078,0.05643,NA,10395,NA,NA
"34",16,2020-04-18,"CE",25,180,315,3062,176,3034,1.97107,33.53016,0.05879,NA,10240,NA,NA
"35",17,2020-04-19,"CE",9,189,246,3308,186,3252,2.06963,36.22396,0.05713,NA,10282,NA,NA
"36",17,2020-04-20,"CE",17,206,179,3487,198,3482,2.25578,38.18408,0.05908,NA,9885,NA,NA
"37",17,2020-04-21,"CE",15,221,229,3716,215,3716,2.42004,40.69172,0.05947,88,15463,NA,NA
"38",17,2020-04-22,"CE",18,239,400,4116,233,3910,2.61715,45.07189,0.05807,88,15191,NA,NA
"39",17,2020-04-23,"CE",32,271,586,4702,266,4598,2.96756,51.48883,0.05764,88,14750,NA,NA
"40",17,2020-04-24,"CE",22,293,419,5121,284,4800,3.20847,56.07705,0.05722,187,15989,NA,NA
"41",17,2020-04-25,"CE",33,326,546,5667,310,5421,3.56983,62.05597,0.05753,187,17714,NA,NA
"42",18,2020-04-26,"CE",50,376,593,6260,327,5833,4.11735,68.54957,0.06006,187,17179,NA,NA
"43",18,2020-04-27,"CE",21,397,523,6783,390,6726,4.34731,74.27663,0.05853,187,18839,NA,NA
"44",18,2020-04-28,"CE",20,417,202,6985,403,6918,4.56632,76.48862,0.0597,187,19211,NA,NA
"45",18,2020-04-29,"CE",33,450,426,7411,441,7267,4.92768,81.15349,0.06072,187,21598,NA,NA
"46",18,2020-04-30,"CE",42,492,450,7861,482,7606,5.3876,86.08117,0.06259,187,24144,NA,NA
"47",18,2020-05-01,"CE",47,539,139,8000,505,7879,5.90227,87.60328,0.06738,187,24354,NA,NA
"48",18,2020-05-02,"CE",99,638,309,8309,638,8309,6.98636,90.98696,0.07678,187,24408,NA,NA
"49",19,2020-05-03,"CE",39,677,70,8379,663,8370,7.41343,91.75349,0.0808,187,24626,NA,NA
"50",19,2020-05-04,"CE",35,712,2661,11040,712,11040,7.79669,120.89253,0.06449,187,22921,NA,NA
"51",19,2020-05-05,"CE",83,795,430,11470,795,11470,8.70558,125.6012,0.06931,187,23283,NA,NA
"52",19,2020-05-06,"CE",54,849,840,12310,848,12304,9.2969,134.79955,0.06897,187,25964,NA,NA
"53",19,2020-05-07,"CE",54,903,1578,13888,903,13888,9.88822,152.0793,0.06502,187,29319,NA,NA
"54",19,2020-05-08,"CE",94,997,1246,15134,966,14956,10.91756,165.72351,0.06588,187,28278,NA,NA
"55",19,2020-05-09,"CE",65,1062,745,15879,1062,15879,11.62934,173.88156,0.06688,187,28933,NA,NA
"56",20,2020-05-10,"CE",52,1114,813,16692,1114,16692,12.19876,182.78425,0.06674,7937,28315,NA,NA
"57",20,2020-05-11,"CE",75,1189,907,17599,1189,17599,13.02004,192.71627,0.06756,8655,31112,NA,NA
"58",20,2020-05-12,"CE",91,1280,813,18412,1280,18412,14.01653,201.61895,0.06952,9231,31875,NA,NA
"59",20,2020-05-13,"CE",109,1389,744,19156,1389,19156,15.21012,209.76606,0.07251,9796,32297,NA,NA
"60",20,2020-05-14,"CE",24,1413,1921,21077,1413,21077,15.47293,230.8018,0.06704,10818,35271,NA,NA
"61",20,2020-05-15,"CE",153,1566,1982,23059,1476,22490,17.14834,252.50551,0.06791,11897,37013,NA,NA
"62",20,2020-05-16,"CE",48,1614,736,23795,1614,23795,17.67396,260.56501,0.06783,12577,36757,NA,NA
"63",21,2020-05-17,"CE",27,1641,460,24255,1641,24255,17.96962,265.6022,0.06766,13357,37495,NA,NA
"64",21,2020-05-18,"CE",107,1748,2108,26363,1748,26363,19.14132,288.68566,0.06631,14492,40504,NA,NA
"65",21,2020-05-19,"CE",108,1856,1749,28112,1856,28112,20.32396,307.83793,0.06602,15238,41351,NA,NA
"66",21,2020-05-20,"CE",44,1900,2448,30560,1900,30560,20.80578,334.64454,0.06217,16431,43302,NA,NA
"67",21,2020-05-21,"CE",261,2161,853,31413,2161,31413,23.66384,343.98524,0.06879,18258,43029,NA,NA
"68",21,2020-05-22,"CE",90,2251,3160,34573,2251,34573,24.64937,378.58853,0.06511,19765,47211,NA,NA
"69",21,2020-05-23,"CE",57,2308,549,35122,2308,35122,25.27355,384.60031,0.06571,20520,46879,NA,NA
"70",22,2020-05-24,"CE",16,2324,473,35595,2324,35595,25.44875,389.77985,0.06529,21488,46590,NA,NA
"71",22,2020-05-25,"CE",169,2493,590,36185,2493,36185,27.29937,396.24059,0.0689,22456,46893,NA,NA
"72",22,2020-05-26,"CE",110,2603,836,37021,2603,37021,28.50392,405.39514,0.07031,23299,46736,NA,NA
"73",22,2020-05-27,"CE",68,2671,254,37275,2671,37275,29.24855,408.17654,0.07166,23890,47259,NA,NA
"74",22,2020-05-28,"CE",62,2733,546,37821,2733,37821,29.92747,414.15546,0.07226,24979,46895,NA,NA
"75",22,2020-05-29,"CE",126,2859,574,38395,2859,38395,31.30722,420.441,0.07446,25858,46727,NA,NA
"76",22,2020-05-30,"CE",97,2956,9427,47822,2956,46506,32.36941,523.67052,0.06181,30395,53833,NA,NA
"77",23,2020-05-31,"CE",54,3010,667,48489,3010,48489,32.96073,530.97444,0.06208,31736,53151,NA,NA
"78",23,2020-06-01,"CE",178,3188,2015,50504,3188,50504,34.90991,553.03952,0.06312,33293,53341,NA,NA
"79",23,2020-06-02,"CE",316,3504,4179,54683,3421,53073,38.37024,598.80128,0.06408,35623,53462,NA,NA
"80",23,2020-06-03,"CE",101,3605,1373,56056,3605,56056,39.47623,613.83619,0.06431,37712,54841,NA,NA
"81",23,2020-06-04,"CE",208,3813,3739,59795,3813,59795,41.75391,654.77978,0.06377,39688,55310,NA,NA
"82",23,2020-06-05,"CE",94,3907,2381,62176,3890,61595,42.78325,680.8527,0.06284,41243,55658,NA,NA
"83",23,2020-06-06,"CE",58,3965,1399,63575,3965,63575,43.41838,696.17233,0.06237,42961,55287,NA,NA
"84",24,2020-06-07,"CE",17,3982,696,64271,3982,64271,43.60453,703.79381,0.06196,44429,55152,NA,NA
"85",24,2020-06-08,"CE",210,4192,1947,66218,4120,65605,45.90412,725.11426,0.06331,46361,54885,NA,NA
"86",24,2020-06-09,"CE",167,4359,2805,69023,4309,68384,47.73284,755.83016,0.06315,48659,55638,NA,NA
"87",24,2020-06-10,"CE",160,4519,2924,71947,4480,71402,49.4849,787.84916,0.06281,50537,55602,NA,NA
"88",24,2020-06-11,"CE",189,4708,2745,74692,4663,73879,51.55453,817.90804,0.06303,52628,54180,NA,NA
"89",24,2020-06-12,"CE",104,4812,1092,75784,4788,75705,52.69337,829.86589,0.0635,53906,53475,NA,NA
"90",24,2020-06-13,"CE",17,4829,645,76429,4829,76429,52.87953,836.9289,0.06318,54956,53421,NA,NA
"91",25,2020-06-14,"CE",56,4885,404,76833,4861,76748,53.49275,841.35287,0.06358,56352,53092,NA,NA
"92",25,2020-06-15,"CE",156,5041,3020,79853,4999,79462,55.20102,874.42311,0.06313,58432,54303,NA,NA
"93",25,2020-06-16,"CE",151,5192,2316,82169,5070,81289,56.85453,899.78426,0.06319,59901,56117,NA,NA
"94",25,2020-06-17,"CE",115,5307,3437,85606,5282,84967,58.11383,937.42081,0.06199,62428,56825,NA,NA
"95",25,2020-06-18,"CE",86,5393,2526,88132,5377,87273,59.05556,965.08155,0.06119,64271,57813,NA,NA
"96",25,2020-06-19,"CE",104,5497,2309,90441,5460,89863,60.1944,990.36605,0.06078,65980,58085,NA,NA
"97",25,2020-06-20,"CE",23,5520,1956,92397,5518,92156,60.44626,1011.78505,0.05974,67277,58114,NA,NA
"98",26,2020-06-21,"CE",3,5523,469,92866,5523,92866,60.47912,1016.92079,0.05947,69322,58298,NA,NA
"99",26,2020-06-22,"CE",95,5618,1842,94708,5604,94158,61.5194,1037.09145,0.05932,71011,59359,NA,NA
"100",26,2020-06-23,"CE",110,5728,3347,98055,5717,97528,62.72395,1073.74247,0.05842,73019,59978,NA,NA
"101",26,2020-06-24,"CE",87,5815,1523,99578,5815,99578,63.67664,1090.41995,0.0584,74571,60325,NA,NA
"102",26,2020-06-25,"CE",80,5895,3540,103118,5875,102126,64.55267,1129.1844,0.05717,77009,61802,NA,NA
