"","epi_week","date","state","newDeaths","deaths","newCases","totalCases","deathsMS","totalCasesMS","deaths_per_100k_inhabitants","totalCases_per_100k_inhabitants","deaths_by_totalCases","recovered","suspects","tests","tests_per_100k_inhabitants"
"1",11,2020-03-12,"GO",0,0,3,3,0,0,0,0.04275,0,NA,NA,NA,NA
"2",11,2020-03-13,"GO",0,0,0,3,0,3,0,0.04275,0,NA,NA,NA,NA
"3",11,2020-03-14,"GO",0,0,1,4,0,3,0,0.05699,0,NA,NA,NA,NA
"4",12,2020-03-15,"GO",0,0,0,4,0,3,0,0.05699,0,NA,NA,NA,NA
"5",12,2020-03-16,"GO",0,0,5,9,0,3,0,0.12824,0,NA,NA,NA,NA
"6",12,2020-03-17,"GO",0,0,1,10,0,6,0,0.14248,0,NA,NA,NA,NA
"7",12,2020-03-18,"GO",0,0,2,12,0,8,0,0.17098,0,NA,NA,NA,NA
"8",12,2020-03-19,"GO",0,0,3,15,0,12,0,0.21373,0,NA,NA,NA,NA
"9",12,2020-03-20,"GO",0,0,3,18,0,15,0,0.25647,0,NA,NA,NA,NA
"10",12,2020-03-21,"GO",0,0,2,20,0,20,0,0.28497,0,NA,NA,NA,NA
"11",13,2020-03-22,"GO",0,0,1,21,0,21,0,0.29922,0,NA,NA,NA,NA
"12",13,2020-03-23,"GO",0,0,2,23,0,23,0,0.32771,0,NA,NA,NA,NA
"13",13,2020-03-24,"GO",0,0,6,29,0,27,0,0.4132,0,NA,NA,NA,NA
"14",13,2020-03-25,"GO",0,0,6,35,0,29,0,0.49869,0,NA,NA,NA,NA
"15",13,2020-03-26,"GO",1,1,4,39,1,39,0.01425,0.55569,0.02564,NA,NA,NA,NA
"16",13,2020-03-27,"GO",0,1,10,49,1,49,0.01425,0.69817,0.02041,NA,NA,NA,NA
"17",13,2020-03-28,"GO",0,1,7,56,1,56,0.01425,0.79791,0.01786,NA,NA,NA,NA
"18",14,2020-03-29,"GO",0,1,2,58,1,58,0.01425,0.8264,0.01724,NA,NA,NA,NA
"19",14,2020-03-30,"GO",0,1,3,61,1,61,0.01425,0.86915,0.01639,NA,1626,NA,NA
"20",14,2020-03-31,"GO",0,1,4,65,1,65,0.01425,0.92614,0.01538,NA,2546,NA,NA
"21",14,2020-04-01,"GO",0,1,8,73,1,71,0.01425,1.04013,0.0137,NA,2333,NA,NA
"22",14,2020-04-02,"GO",0,1,0,73,1,73,0.01425,1.04013,0.0137,NA,2333,NA,NA
"23",14,2020-04-03,"GO",1,2,15,88,2,88,0.0285,1.25386,0.02273,NA,2333,NA,NA
"24",14,2020-04-04,"GO",0,2,15,103,2,103,0.0285,1.46758,0.01942,NA,2333,NA,NA
"25",15,2020-04-05,"GO",1,3,12,115,3,115,0.04275,1.63856,0.02609,NA,2333,NA,NA
"26",15,2020-04-06,"GO",2,5,4,119,5,119,0.07124,1.69555,0.04202,NA,2333,NA,NA
"27",15,2020-04-07,"GO",0,5,14,133,5,133,0.07124,1.89503,0.03759,NA,2657,NA,NA
"28",15,2020-04-08,"GO",2,7,26,159,7,158,0.09974,2.26549,0.04403,NA,2657,NA,NA
"29",15,2020-04-09,"GO",0,7,20,179,7,179,0.09974,2.55046,0.03911,NA,2657,NA,NA
"30",15,2020-04-10,"GO",1,8,12,191,8,191,0.11399,2.72144,0.04188,NA,2657,NA,NA
"31",15,2020-04-11,"GO",2,10,18,209,10,209,0.14248,2.97791,0.04785,NA,2657,NA,NA
"32",16,2020-04-12,"GO",4,14,20,229,14,229,0.19948,3.26287,0.06114,NA,3646,NA,NA
"33",16,2020-04-13,"GO",1,15,4,233,15,233,0.21373,3.31987,0.06438,NA,3646,NA,NA
"34",16,2020-04-14,"GO",0,15,51,284,15,284,0.21373,4.04653,0.05282,NA,3646,NA,NA
"35",16,2020-04-15,"GO",0,15,20,304,15,304,0.21373,4.3315,0.04934,NA,3646,NA,NA
"36",16,2020-04-16,"GO",1,16,14,318,16,318,0.22797,4.53098,0.05031,NA,3646,NA,NA
"37",16,2020-04-17,"GO",0,16,17,335,16,335,0.22797,4.7732,0.04776,NA,5207,NA,NA
"38",16,2020-04-18,"GO",2,18,43,378,18,378,0.25647,5.38588,0.04762,NA,5207,NA,NA
"39",17,2020-04-19,"GO",0,18,15,393,18,393,0.25647,5.5996,0.0458,NA,6494,NA,NA
"40",17,2020-04-20,"GO",1,19,10,403,19,403,0.27072,5.74209,0.04715,NA,6699,NA,NA
"41",17,2020-04-21,"GO",0,19,18,421,19,421,0.27072,5.99856,0.04513,NA,7003,NA,NA
"42",17,2020-04-22,"GO",2,21,17,438,21,438,0.29922,6.24078,0.04795,NA,7003,NA,NA
"43",17,2020-04-23,"GO",2,23,15,453,23,453,0.32771,6.4545,0.05077,NA,7053,NA,NA
"44",17,2020-04-24,"GO",1,24,33,486,24,486,0.34196,6.9247,0.04938,NA,7103,NA,NA
"45",17,2020-04-25,"GO",1,25,20,506,25,506,0.35621,7.20967,0.04941,NA,7153,NA,NA
"46",18,2020-04-26,"GO",0,25,67,573,25,573,0.35621,8.16431,0.04363,NA,7203,NA,NA
"47",18,2020-04-27,"GO",1,26,43,616,26,616,0.37046,8.77699,0.04221,NA,7407,NA,NA
"48",18,2020-04-28,"GO",1,27,45,661,27,661,0.38471,9.41816,0.04085,NA,8112,NA,NA
"49",18,2020-04-29,"GO",0,27,44,705,27,705,0.38471,10.04509,0.0383,NA,8612,NA,NA
"50",18,2020-04-30,"GO",2,29,76,781,29,781,0.4132,11.12797,0.03713,NA,9131,NA,NA
"51",18,2020-05-01,"GO",0,29,27,808,29,808,0.4132,11.51267,0.03589,NA,9636,NA,NA
"52",18,2020-05-02,"GO",1,30,17,825,30,825,0.42745,11.75489,0.03636,NA,9798,NA,NA
"53",19,2020-05-03,"GO",0,30,25,850,30,850,0.42745,12.1111,0.03529,NA,9939,NA,NA
"54",19,2020-05-04,"GO",0,30,11,861,30,861,0.42745,12.26783,0.03484,NA,9939,NA,NA
"55",19,2020-05-05,"GO",8,38,61,922,38,922,0.54144,13.13698,0.04121,NA,10569,NA,NA
"56",19,2020-05-06,"GO",7,45,102,1024,45,1024,0.64118,14.59032,0.04395,NA,10479,NA,NA
"57",19,2020-05-07,"GO",-1,44,3,1027,44,1027,0.62693,14.63306,0.04284,NA,10555,NA,NA
"58",19,2020-05-08,"GO",5,49,26,1053,49,1053,0.69817,15.00352,0.04653,NA,11243,NA,NA
"59",19,2020-05-09,"GO",0,49,16,1069,47,1069,0.69817,15.23149,0.04584,NA,11750,NA,NA
"60",20,2020-05-10,"GO",0,49,24,1093,47,1093,0.69817,15.57345,0.04483,NA,11878,NA,NA
"61",20,2020-05-11,"GO",0,49,7,1100,49,1100,0.69817,15.67319,0.04455,NA,11977,NA,NA
"62",20,2020-05-12,"GO",3,52,15,1115,52,1115,0.74091,15.88692,0.04664,NA,12100,NA,NA
"63",20,2020-05-13,"GO",9,61,110,1225,61,1134,0.86915,17.45423,0.0498,NA,13144,NA,NA
"64",20,2020-05-14,"GO",6,67,235,1460,64,1423,0.95464,20.8026,0.04589,NA,14143,NA,NA
"65",20,2020-05-15,"GO",0,67,145,1605,67,1572,0.95464,22.86861,0.04174,NA,14308,NA,NA
"66",20,2020-05-16,"GO",2,69,47,1652,69,1640,0.98314,23.53828,0.04177,NA,14699,NA,NA
"67",21,2020-05-17,"GO",1,70,40,1692,70,1692,0.99738,24.10822,0.04137,NA,14824,NA,NA
"68",21,2020-05-18,"GO",3,73,89,1781,73,1749,1.04013,25.37632,0.04099,NA,15416,NA,NA
"69",21,2020-05-19,"GO",0,73,99,1880,73,1846,1.04013,26.78691,0.03883,NA,15848,NA,NA
"70",21,2020-05-20,"GO",5,78,169,2049,78,1978,1.11137,29.19488,0.03807,NA,16247,NA,NA
"71",21,2020-05-21,"GO",7,85,106,2155,85,2114,1.21111,30.70521,0.03944,NA,16585,NA,NA
"72",21,2020-05-22,"GO",10,95,189,2344,93,2304,1.35359,33.39814,0.04053,NA,17193,NA,NA
"73",21,2020-05-23,"GO",0,95,91,2435,95,2377,1.35359,34.69474,0.03901,NA,17384,NA,NA
"74",22,2020-05-24,"GO",0,95,53,2488,95,2443,1.35359,35.44991,0.03818,NA,17587,NA,NA
"75",22,2020-05-25,"GO",1,96,27,2515,96,2512,1.36784,35.83461,0.03817,NA,18249,NA,NA
"76",22,2020-05-26,"GO",8,104,191,2706,104,2671,1.48183,38.55605,0.03843,NA,18909,NA,NA
"77",22,2020-05-27,"GO",4,108,200,2906,108,2843,1.53882,41.40572,0.03716,NA,19954,NA,NA
"78",22,2020-05-28,"GO",7,115,195,3101,115,3090,1.63856,44.18415,0.03708,NA,20732,NA,NA
"79",22,2020-05-29,"GO",4,119,420,3521,119,3319,1.69555,50.16846,0.0338,NA,21887,NA,NA
"80",22,2020-05-30,"GO",5,124,88,3609,122,3585,1.7668,51.42231,0.03436,NA,22223,NA,NA
"81",23,2020-05-31,"GO",0,124,117,3726,124,3702,1.7668,53.08937,0.03328,NA,22410,NA,NA
"82",23,2020-06-01,"GO",3,127,291,4017,127,3906,1.80954,57.23564,0.03162,NA,23835,NA,NA
"83",23,2020-06-02,"GO",28,155,469,4486,151,4377,2.2085,63.91812,0.03455,NA,24342,NA,NA
"84",23,2020-06-03,"GO",4,159,215,4701,155,4570,2.26549,66.98152,0.03382,NA,25981,NA,NA
"85",23,2020-06-04,"GO",5,164,401,5102,164,4944,2.33673,72.69511,0.03214,NA,27501,NA,NA
"86",23,2020-06-05,"GO",3,167,503,5605,167,5373,2.37948,79.86203,0.02979,NA,28553,NA,NA
"87",23,2020-06-06,"GO",5,172,165,5770,172,5669,2.45072,82.21301,0.02981,NA,28500,NA,NA
"88",24,2020-06-07,"GO",1,173,87,5857,173,5813,2.46497,83.45262,0.02954,NA,28843,NA,NA
"89",24,2020-06-08,"GO",0,173,445,6302,173,6124,2.46497,89.79313,0.02745,NA,30179,NA,NA
"90",24,2020-06-09,"GO",11,184,634,6936,180,6521,2.6217,98.82659,0.02653,NA,31312,NA,NA
"91",24,2020-06-10,"GO",5,189,444,7380,188,7159,2.69294,105.15286,0.02561,NA,32767,NA,NA
"92",24,2020-06-11,"GO",5,194,394,7774,189,7657,2.76418,110.76671,0.02495,NA,33124,NA,NA
"93",24,2020-06-12,"GO",12,206,152,7926,194,7846,2.93516,112.93246,0.02599,NA,33527,NA,NA
"94",24,2020-06-13,"GO",5,211,15,7941,208,7940,3.0064,113.14619,0.02657,NA,33529,NA,NA
"95",25,2020-06-14,"GO",5,216,19,7960,211,7944,3.07764,113.41691,0.02714,NA,33536,NA,NA
"96",25,2020-06-15,"GO",22,238,2481,10441,226,10182,3.39111,148.76708,0.02279,NA,36198,NA,NA
"97",25,2020-06-16,"GO",11,249,1395,11836,246,11264,3.54784,168.64353,0.02104,NA,37268,NA,NA
"98",25,2020-06-17,"GO",6,255,940,12776,252,12236,3.63333,182.03698,0.01996,NA,39159,NA,NA
"99",25,2020-06-18,"GO",20,275,889,13665,264,13304,3.9183,194.70377,0.02012,NA,40689,NA,NA
"100",25,2020-06-19,"GO",14,289,875,14540,281,14027,4.11777,207.17108,0.01988,NA,42172,NA,NA
"101",25,2020-06-20,"GO",6,295,910,15450,295,14880,4.20326,220.13709,0.01909,NA,42897,NA,NA
"102",26,2020-06-21,"GO",11,306,454,15904,303,15619,4.36,226.60584,0.01924,NA,43760,NA,NA
"103",26,2020-06-22,"GO",18,324,1181,17085,311,16536,4.61647,243.43315,0.01896,NA,45839,NA,NA
"104",26,2020-06-23,"GO",31,355,929,18014,329,17568,5.05817,256.66987,0.01971,NA,48148,NA,NA
"105",26,2020-06-24,"GO",20,375,1266,19280,363,18622,5.34313,274.70829,0.01945,NA,50514,NA,NA
"106",26,2020-06-25,"GO",9,384,1097,20377,384,19547,5.47137,290.33873,0.01884,NA,52196,NA,NA
