"","epi_week","date","state","newDeaths","deaths","newCases","totalCases","deathsMS","totalCasesMS","deaths_per_100k_inhabitants","totalCases_per_100k_inhabitants","deaths_by_totalCases","recovered","suspects","tests","tests_per_100k_inhabitants"
"1",12,2020-03-20,"MA",0,0,1,1,0,0,0,0.01413,0,NA,NA,NA,NA
"2",12,2020-03-21,"MA",0,0,1,2,0,1,0,0.02827,0,NA,NA,NA,NA
"3",13,2020-03-22,"MA",0,0,0,2,0,2,0,0.02827,0,NA,NA,NA,NA
"4",13,2020-03-23,"MA",0,0,6,8,0,2,0,0.11307,0,NA,302,NA,NA
"5",13,2020-03-24,"MA",0,0,0,8,0,8,0,0.11307,0,NA,302,NA,NA
"6",13,2020-03-25,"MA",0,0,0,8,0,8,0,0.11307,0,NA,302,NA,NA
"7",13,2020-03-26,"MA",0,0,2,10,0,10,0,0.14134,0,NA,728,NA,NA
"8",13,2020-03-27,"MA",0,0,3,13,0,13,0,0.18374,0,NA,728,NA,NA
"9",13,2020-03-28,"MA",0,0,2,15,0,14,0,0.21201,0,NA,728,NA,NA
"10",14,2020-03-29,"MA",1,1,6,21,0,16,0.01413,0.29681,0.04762,NA,728,NA,NA
"11",14,2020-03-30,"MA",0,1,9,30,1,23,0.01413,0.42402,0.03333,NA,222,NA,NA
"12",14,2020-03-31,"MA",0,1,21,51,1,31,0.01413,0.72083,0.01961,NA,754,NA,NA
"13",14,2020-04-01,"MA",0,1,19,70,1,54,0.01413,0.98937,0.01429,12,774,NA,NA
"14",14,2020-04-02,"MA",0,1,10,80,1,71,0.01413,1.13071,0.0125,12,913,NA,NA
"15",14,2020-04-03,"MA",0,1,7,87,1,81,0.01413,1.22965,0.01149,12,913,NA,NA
"16",14,2020-04-04,"MA",1,2,8,95,1,88,0.02827,1.34272,0.02105,12,913,NA,NA
"17",15,2020-04-05,"MA",0,2,37,132,2,96,0.02827,1.86568,0.01515,12,913,NA,NA
"18",15,2020-04-06,"MA",2,4,39,171,2,133,0.05654,2.4169,0.02339,12,913,NA,NA
"19",15,2020-04-07,"MA",7,11,58,229,4,172,0.15547,3.23667,0.04803,45,1372,NA,NA
"20",15,2020-04-08,"MA",1,12,43,272,11,230,0.16961,3.84442,0.04412,45,1372,NA,NA
"21",15,2020-04-09,"MA",4,16,21,293,12,273,0.22614,4.14124,0.05461,50,1372,NA,NA
"22",15,2020-04-10,"MA",5,21,51,344,16,293,0.29681,4.86207,0.06105,54,2242,NA,NA
"23",15,2020-04-11,"MA",3,24,54,398,21,344,0.33921,5.6253,0.0603,65,2265,NA,NA
"24",16,2020-04-12,"MA",3,27,47,445,24,398,0.38162,6.28959,0.06067,68,2269,NA,NA
"25",16,2020-04-13,"MA",5,32,33,478,27,445,0.45229,6.75601,0.06695,68,2269,NA,NA
"26",16,2020-04-14,"MA",2,34,152,630,32,478,0.48055,8.90437,0.05397,76,2889,NA,NA
"27",16,2020-04-15,"MA",3,37,65,695,34,630,0.52295,9.82307,0.05324,87,3202,NA,NA
"28",16,2020-04-16,"MA",3,40,102,797,37,695,0.56536,11.26473,0.05019,96,3202,NA,NA
"29",16,2020-04-17,"MA",4,44,243,1040,40,797,0.62189,14.69927,0.04231,96,3202,NA,NA
"30",16,2020-04-18,"MA",4,48,165,1205,44,1040,0.67843,17.03137,0.03983,109,3202,NA,NA
"31",17,2020-04-19,"MA",6,54,115,1320,48,1205,0.76323,18.65677,0.04091,132,3580,NA,NA
"32",17,2020-04-20,"MA",6,60,90,1410,54,1320,0.84803,19.92882,0.04255,142,4183,NA,NA
"33",17,2020-04-21,"MA",6,66,194,1604,60,1396,0.93284,22.6708,0.04115,159,4180,NA,NA
"34",17,2020-04-22,"MA",10,76,153,1757,66,1604,1.07418,24.83329,0.04326,171,4115,NA,NA
"35",17,2020-04-23,"MA",12,88,194,1951,76,1757,1.24378,27.57527,0.04511,214,3916,NA,NA
"36",17,2020-04-24,"MA",12,100,154,2105,88,1951,1.41339,29.75189,0.04751,250,4464,NA,NA
"37",17,2020-04-25,"MA",12,112,118,2223,100,2105,1.583,31.41969,0.05038,307,4425,NA,NA
"38",18,2020-04-26,"MA",13,125,187,2410,112,2223,1.76674,34.06273,0.05187,463,4989,NA,NA
"39",18,2020-04-27,"MA",20,145,118,2528,125,2410,2.04942,35.73053,0.05736,533,6178,NA,NA
"40",18,2020-04-28,"MA",21,166,276,2804,145,2528,2.34623,39.63149,0.0592,600,7232,NA,NA
"41",18,2020-04-29,"MA",18,184,386,3190,166,2804,2.60064,45.08719,0.05768,754,8171,NA,NA
"42",18,2020-04-30,"MA",20,204,316,3506,184,3190,2.88332,49.5535,0.05819,784,9174,NA,NA
"43",18,2020-05-01,"MA",20,224,299,3805,204,3506,3.166,53.77954,0.05887,871,9183,NA,NA
"44",18,2020-05-02,"MA",13,237,235,4040,224,3805,3.34974,57.10101,0.05866,927,9427,NA,NA
"45",19,2020-05-03,"MA",12,249,187,4227,237,4040,3.51934,59.74405,0.05891,1005,9193,NA,NA
"46",19,2020-05-04,"MA",22,271,303,4530,249,4227,3.83029,64.02663,0.05982,1115,8825,NA,NA
"47",19,2020-05-05,"MA",20,291,498,5028,271,4530,4.11297,71.06532,0.05788,1215,8288,NA,NA
"48",19,2020-05-06,"MA",14,305,361,5389,291,5028,4.31084,76.16766,0.0566,1439,8077,NA,NA
"49",19,2020-05-07,"MA",25,330,520,5909,305,5389,4.66419,83.5173,0.05585,1534,7673,NA,NA
"50",19,2020-05-08,"MA",25,355,856,6765,330,5909,5.01754,95.61593,0.05248,1587,6838,NA,NA
"51",19,2020-05-09,"MA",24,379,834,7599,355,6765,5.35675,107.40361,0.04987,1617,5904,NA,NA
"52",20,2020-05-10,"MA",20,399,545,8144,379,7599,5.63943,115.1066,0.04899,1742,5024,NA,NA
"53",20,2020-05-11,"MA",24,423,382,8526,399,8144,5.97865,120.50575,0.04961,1806,5192,NA,NA
"54",20,2020-05-12,"MA",21,444,586,9112,423,8526,6.27546,128.78822,0.04873,1877,4680,NA,NA
"55",20,2020-05-13,"MA",26,470,689,9801,444,9112,6.64294,138.52649,0.04795,2529,4406,NA,NA
"56",20,2020-05-14,"MA",26,496,938,10739,470,9801,7.01042,151.7841,0.04619,2591,5075,NA,NA
"57",20,2020-05-15,"MA",28,524,853,11592,496,10739,7.40617,163.84033,0.0452,2761,4239,NA,NA
"58",20,2020-05-16,"MA",25,549,900,12492,524,11592,7.75952,176.56085,0.04395,2829,3952,NA,NA
"59",21,2020-05-17,"MA",27,576,746,13238,549,12492,8.14113,187.10475,0.04351,2881,3280,NA,NA
"60",21,2020-05-18,"MA",28,604,960,14198,576,13238,8.53688,200.67331,0.04254,2998,23092,NA,NA
"61",21,2020-05-19,"MA",30,634,916,15114,604,14198,8.9609,213.61998,0.04195,3035,2444,NA,NA
"62",21,2020-05-20,"MA",29,663,944,16058,634,15114,9.37079,226.96239,0.04129,3324,4014,NA,NA
"63",21,2020-05-21,"MA",30,693,1154,17212,663,16058,9.7948,243.27293,0.04026,3676,2483,NA,NA
"64",21,2020-05-22,"MA",29,722,1555,18767,693,17212,10.20469,265.25116,0.03847,3889,3593,NA,NA
"65",21,2020-05-23,"MA",32,754,2424,21191,722,18767,10.65697,299.51177,0.03558,4074,984,NA,NA
"66",22,2020-05-24,"MA",30,784,1595,22786,754,21191,11.08099,322.05537,0.03441,5271,1394,NA,NA
"67",22,2020-05-25,"MA",33,817,1492,24278,784,22786,11.54741,343.14316,0.03365,5941,1181,NA,NA
"68",22,2020-05-26,"MA",36,853,1867,26145,817,24278,12.05623,369.53118,0.03263,6664,1026,NA,NA
"69",22,2020-05-27,"MA",34,887,1834,27979,853,26145,12.53678,395.45278,0.0317,7117,1800,NA,NA
"70",22,2020-05-28,"MA",24,911,2503,30482,887,27979,12.876,430.82997,0.02989,8064,1621,NA,NA
"71",22,2020-05-29,"MA",21,932,2138,32620,911,30482,13.17281,461.04828,0.02857,8639,1730,NA,NA
"72",22,2020-05-30,"MA",23,955,2019,34639,932,32620,13.49789,489.58465,0.02757,8965,1007,NA,NA
"73",23,2020-05-31,"MA",21,976,658,35297,955,34639,13.7947,498.88476,0.02765,10220,846,NA,NA
"74",23,2020-06-01,"MA",21,997,1328,36625,976,35297,14.09151,517.6546,0.02722,11473,922,NA,NA
"75",23,2020-06-02,"MA",31,1028,1549,38174,997,36625,14.52966,539.54803,0.02693,12741,1126,NA,NA
"76",23,2020-06-03,"MA",34,1062,2455,40629,1028,38174,15.01022,574.24679,0.02614,14014,976,NA,NA
"77",23,2020-06-04,"MA",33,1095,2684,43313,1062,40629,15.47664,612.18222,0.02528,15629,1006,NA,NA
"78",23,2020-06-05,"MA",37,1132,2157,45470,1095,43313,15.99959,642.66907,0.0249,17911,1022,NA,NA
"79",23,2020-06-06,"MA",38,1170,2123,47593,1132,45470,16.53668,672.67537,0.02458,20280,1020,NA,NA
"80",24,2020-06-07,"MA",38,1208,944,48537,1170,47593,17.07377,686.01779,0.02489,21814,924,NA,NA
"81",24,2020-06-08,"MA",39,1247,834,49371,1247,49371,17.62499,697.80547,0.02526,23272,755,NA,NA
"82",24,2020-06-09,"MA",38,1285,2698,52069,1285,52069,18.16208,735.93877,0.02468,25120,1042,NA,NA
"83",24,2020-06-10,"MA",37,1322,1439,53508,1322,53508,18.68503,756.27747,0.02471,26795,868,NA,NA
"84",24,2020-06-11,"MA",38,1360,2172,55680,1360,55680,19.22212,786.97633,0.02443,29518,787,NA,NA
"85",24,2020-06-12,"MA",39,1399,1925,57605,1399,57605,19.77335,814.18412,0.02429,31569,942,NA,NA
"86",24,2020-06-13,"MA",37,1436,1254,58859,1436,58859,20.2963,831.90805,0.0244,33561,800,NA,NA
"87",25,2020-06-14,"MA",31,1467,991,59850,1467,59850,20.73445,845.91475,0.02451,34210,745,NA,NA
"88",25,2020-06-15,"MA",32,1499,742,60592,1499,60592,21.18674,856.40212,0.02474,35466,724,NA,NA
"89",25,2020-06-16,"MA",38,1537,2119,62711,1537,62711,21.72383,886.35188,0.02451,36979,1046,NA,NA
"90",25,2020-06-17,"MA",33,1570,2024,64735,1570,64735,22.19025,914.95892,0.02425,39386,1303,NA,NA
"91",25,2020-06-18,"MA",37,1607,1356,66091,1607,66091,22.7132,934.12451,0.02431,41773,1464,NA,NA
"92",25,2020-06-19,"MA",38,1645,2409,68500,1645,68500,23.25029,968.17311,0.02401,43830,1268,NA,NA
"93",25,2020-06-20,"MA",39,1684,1173,69673,1684,69673,23.80151,984.75219,0.02417,46017,1725,NA,NA
"94",26,2020-06-21,"MA",37,1721,386,70059,1721,70059,24.32447,990.20788,0.02457,46936,1868,NA,NA
"95",26,2020-06-22,"MA",39,1760,630,70689,1760,70689,24.87569,999.11225,0.0249,47776,1701,NA,NA
"96",26,2020-06-23,"MA",37,1797,1332,72021,1797,72021,25.39864,1017.93862,0.02495,47776,1701,NA,NA
"97",26,2020-06-24,"MA",39,1836,1293,73314,1836,73314,25.94987,1036.21377,0.02504,51911,1822,NA,NA
"98",26,2020-06-25,"MA",35,1871,1611,74925,1871,74925,26.44455,1058.98351,0.02497,53791,2200,NA,NA
