"","epi_week","date","state","newDeaths","deaths","newCases","totalCases","deathsMS","totalCasesMS","deaths_per_100k_inhabitants","totalCases_per_100k_inhabitants","deaths_by_totalCases","recovered","suspects","tests","tests_per_100k_inhabitants"
"1",11,2020-03-08,"MG",0,0,1,1,0,1,0,0.00472,0,NA,NA,NA,NA
"2",11,2020-03-09,"MG",0,0,0,1,0,1,0,0.00472,0,NA,NA,NA,NA
"3",11,2020-03-10,"MG",0,0,0,1,0,1,0,0.00472,0,NA,NA,NA,NA
"4",11,2020-03-11,"MG",0,0,0,1,0,1,0,0.00472,0,NA,NA,NA,NA
"5",11,2020-03-12,"MG",0,0,1,2,0,1,0,0.00945,0,NA,NA,NA,NA
"6",11,2020-03-13,"MG",0,0,0,2,0,2,0,0.00945,0,NA,NA,NA,NA
"7",11,2020-03-14,"MG",0,0,2,4,0,2,0,0.0189,0,NA,NA,NA,NA
"8",12,2020-03-15,"MG",0,0,0,4,0,2,0,0.0189,0,NA,NA,NA,NA
"9",12,2020-03-16,"MG",0,0,2,6,0,5,0,0.02834,0,NA,NA,NA,NA
"10",12,2020-03-17,"MG",0,0,8,14,0,7,0,0.06614,0,NA,NA,NA,NA
"11",12,2020-03-18,"MG",0,0,5,19,0,15,0,0.08975,0,NA,NA,NA,NA
"12",12,2020-03-19,"MG",0,0,10,29,0,29,0,0.13699,0,NA,NA,NA,NA
"13",12,2020-03-20,"MG",0,0,9,38,0,35,0,0.17951,0,NA,NA,NA,NA
"14",12,2020-03-21,"MG",0,0,17,55,0,38,0,0.25982,0,NA,NA,NA,NA
"15",13,2020-03-22,"MG",0,0,28,83,0,83,0,0.39209,0,NA,NA,NA,NA
"16",13,2020-03-23,"MG",0,0,45,128,0,128,0,0.60466,0,NA,7766,NA,NA
"17",13,2020-03-24,"MG",0,0,2,130,0,130,0,0.61411,0,NA,7766,NA,NA
"18",13,2020-03-25,"MG",0,0,3,133,0,133,0,0.62828,0,NA,14227,NA,NA
"19",13,2020-03-26,"MG",0,0,20,153,0,153,0,0.72276,0,NA,17409,NA,NA
"20",13,2020-03-27,"MG",0,0,36,189,0,189,0,0.89282,0,NA,21691,NA,NA
"21",13,2020-03-28,"MG",0,0,16,205,0,205,0,0.96841,0,NA,22974,NA,NA
"22",14,2020-03-29,"MG",0,0,26,231,0,231,0,1.09123,0,NA,28783,NA,NA
"23",14,2020-03-30,"MG",1,1,30,261,1,261,0.00472,1.23295,0.00383,NA,29724,NA,NA
"24",14,2020-03-31,"MG",1,2,14,275,2,275,0.00945,1.29908,0.00727,NA,34224,NA,NA
"25",14,2020-04-01,"MG",1,3,39,314,3,314,0.01417,1.48332,0.00955,NA,34018,NA,NA
"26",14,2020-04-02,"MG",1,4,56,370,4,370,0.0189,1.74786,0.01081,NA,39084,NA,NA
"27",14,2020-04-03,"MG",2,6,27,397,6,397,0.02834,1.8754,0.01511,NA,41399,NA,NA
"28",14,2020-04-04,"MG",0,6,33,430,6,430,0.02834,2.03129,0.01395,NA,44528,NA,NA
"29",15,2020-04-05,"MG",0,6,68,498,6,498,0.02834,2.35252,0.01205,NA,47018,NA,NA
"30",15,2020-04-06,"MG",3,9,27,525,9,525,0.04252,2.48007,0.01714,NA,47715,NA,NA
"31",15,2020-04-07,"MG",2,11,34,559,11,559,0.05196,2.64068,0.01968,NA,49652,NA,NA
"32",15,2020-04-08,"MG",3,14,55,614,14,614,0.06614,2.9005,0.0228,NA,51640,NA,NA
"33",15,2020-04-09,"MG",1,15,41,655,15,655,0.07086,3.09418,0.0229,NA,56807,NA,NA
"34",15,2020-04-10,"MG",2,17,43,698,17,698,0.08031,3.29731,0.02436,NA,56807,NA,NA
"35",15,2020-04-11,"MG",0,17,52,750,17,750,0.08031,3.54295,0.02267,NA,56807,NA,NA
"36",16,2020-04-12,"MG",3,20,56,806,20,806,0.09448,3.80749,0.02481,NA,59027,NA,NA
"37",16,2020-04-13,"MG",3,23,9,815,23,815,0.10865,3.85001,0.02822,NA,60066,NA,NA
"38",16,2020-04-14,"MG",4,27,69,884,27,884,0.12755,4.17596,0.03054,NA,63951,NA,NA
"39",16,2020-04-15,"MG",3,30,19,903,30,903,0.14172,4.26571,0.03322,NA,67177,NA,NA
"40",16,2020-04-16,"MG",3,33,55,958,33,958,0.15589,4.52553,0.03445,NA,67177,NA,NA
"41",16,2020-04-17,"MG",2,35,63,1021,35,1021,0.16534,4.82314,0.03428,NA,72860,NA,NA
"42",16,2020-04-18,"MG",4,39,56,1077,39,1077,0.18423,5.08768,0.03621,NA,72991,NA,NA
"43",17,2020-04-19,"MG",0,39,77,1154,39,1154,0.18423,5.45142,0.0338,NA,74694,NA,NA
"44",17,2020-04-20,"MG",2,41,35,1189,41,1189,0.19368,5.61676,0.03448,NA,75441,NA,NA
"45",17,2020-04-21,"MG",3,44,41,1230,44,1230,0.20785,5.81044,0.03577,NA,76480,NA,NA
"46",17,2020-04-22,"MG",3,47,53,1283,47,1283,0.22202,6.06081,0.03663,NA,76480,NA,NA
"47",17,2020-04-23,"MG",4,51,25,1308,51,1308,0.24092,6.17891,0.03899,NA,77775,NA,NA
"48",17,2020-04-24,"MG",3,54,111,1419,54,1419,0.25509,6.70326,0.03805,NA,73271,NA,NA
"49",17,2020-04-25,"MG",4,58,62,1481,58,1481,0.27399,6.99615,0.03916,NA,73271,NA,NA
"50",18,2020-04-26,"MG",3,61,67,1548,61,1548,0.28816,7.31265,0.03941,NA,78232,NA,NA
"51",18,2020-04-27,"MG",1,62,38,1586,62,1586,0.29288,7.49216,0.03909,NA,78667,NA,NA
"52",18,2020-04-28,"MG",9,71,63,1649,71,1649,0.3354,7.78977,0.04306,NA,79313,NA,NA
"53",18,2020-04-29,"MG",9,80,109,1758,80,1758,0.37791,8.30468,0.04551,NA,81728,NA,NA
"54",18,2020-04-30,"MG",2,82,69,1827,82,1827,0.38736,8.63063,0.04488,NA,84994,NA,NA
"55",18,2020-05-01,"MG",6,88,108,1935,88,1935,0.41571,9.14081,0.04548,NA,86214,NA,NA
"56",18,2020-05-02,"MG",0,88,88,2023,88,2023,0.41571,9.55652,0.0435,NA,87913,NA,NA
"57",19,2020-05-03,"MG",1,89,95,2118,89,2118,0.42043,10.0053,0.04202,NA,88559,NA,NA
"58",19,2020-05-04,"MG",1,90,229,2347,90,2347,0.42515,11.08708,0.03835,NA,89056,NA,NA
"59",19,2020-05-05,"MG",4,94,105,2452,94,2452,0.44405,11.58309,0.03834,NA,89602,NA,NA
"60",19,2020-05-06,"MG",3,97,153,2605,97,2605,0.45822,12.30585,0.03724,NA,91618,NA,NA
"61",19,2020-05-07,"MG",9,106,165,2770,106,2770,0.50074,13.0853,0.03827,NA,94124,NA,NA
"62",19,2020-05-08,"MG",5,111,173,2943,111,2943,0.52436,13.90254,0.03772,NA,96212,NA,NA
"63",19,2020-05-09,"MG",7,118,180,3123,118,3123,0.55742,14.75285,0.03778,NA,98385,NA,NA
"64",20,2020-05-10,"MG",1,119,114,3237,119,3237,0.56215,15.29138,0.03676,NA,99958,NA,NA
"65",20,2020-05-11,"MG",2,121,83,3320,121,3320,0.5716,15.68347,0.03645,NA,100486,NA,NA
"66",20,2020-05-12,"MG",6,127,115,3435,127,3435,0.59994,16.22672,0.03697,NA,101496,NA,NA
"67",20,2020-05-13,"MG",8,135,298,3733,135,3733,0.63773,17.63445,0.03616,NA,101572,NA,NA
"68",20,2020-05-14,"MG",4,139,217,3950,139,3950,0.65663,18.65954,0.03519,1680,101572,NA,NA
"69",20,2020-05-15,"MG",7,146,246,4196,146,4196,0.68969,19.82163,0.0348,1956,101572,NA,NA
"70",20,2020-05-16,"MG",4,150,278,4474,150,4474,0.70859,21.13489,0.03353,2190,101572,NA,NA
"71",21,2020-05-17,"MG",6,156,137,4611,156,4611,0.73693,21.78207,0.03383,2252,101572,NA,NA
"72",21,2020-05-18,"MG",5,161,84,4695,161,4695,0.76055,22.17888,0.03429,2254,101572,NA,NA
"73",21,2020-05-19,"MG",6,167,282,4977,167,4977,0.7889,23.51103,0.03355,2546,101572,NA,NA
"74",21,2020-05-20,"MG",10,177,309,5286,177,5286,0.83614,24.97072,0.03348,2766,101572,NA,NA
"75",21,2020-05-21,"MG",14,191,310,5596,191,5596,0.90227,26.43514,0.03413,2921,101572,NA,NA
"76",21,2020-05-22,"MG",10,201,399,5995,201,5995,0.94951,28.31999,0.03353,3070,101572,NA,NA
"77",21,2020-05-23,"MG",16,217,343,6338,217,6338,1.02509,29.9403,0.03424,3348,101572,NA,NA
"78",22,2020-05-24,"MG",9,226,330,6668,226,6668,1.06761,31.4992,0.03389,3406,101572,NA,NA
"79",22,2020-05-25,"MG",4,230,294,6962,230,6962,1.08651,32.88804,0.03304,3467,101572,NA,NA
"80",22,2020-05-26,"MG",4,234,554,7516,234,7516,1.1054,35.5051,0.03113,3655,101572,NA,NA
"81",22,2020-05-27,"MG",6,240,495,8011,240,8011,1.13374,37.84345,0.02996,3865,101572,NA,NA
"82",22,2020-05-28,"MG",15,255,675,8686,255,8686,1.2046,41.0321,0.02936,4003,101572,NA,NA
"83",22,2020-05-29,"MG",2,257,546,9232,257,9232,1.21405,43.61137,0.02784,4333,101572,NA,NA
"84",22,2020-05-30,"MG",6,263,398,9630,263,9630,1.24239,45.4915,0.02731,4657,101572,NA,NA
"85",23,2020-05-31,"MG",8,271,834,10464,271,10464,1.28019,49.43126,0.0259,4852,101572,NA,NA
"86",23,2020-06-01,"MG",7,278,206,10670,278,10670,1.31325,50.40439,0.02605,5341,101572,NA,NA
"87",23,2020-06-02,"MG",11,289,269,10939,289,10939,1.36522,51.67513,0.02642,5118,101572,NA,NA
"88",23,2020-06-03,"MG",17,306,1071,12010,306,12010,1.44552,56.73446,0.02548,5336,101572,NA,NA
"89",23,2020-06-04,"MG",17,323,1024,13034,323,13034,1.52583,61.57177,0.02478,5606,101572,NA,NA
"90",23,2020-06-05,"MG",21,344,961,13995,344,13995,1.62503,66.11148,0.02458,5948,101572,NA,NA
"91",23,2020-06-06,"MG",24,368,944,14939,368,14939,1.73841,70.57087,0.02463,6501,101572,NA,NA
"92",24,2020-06-07,"MG",8,376,764,15703,376,15703,1.7762,74.17996,0.02394,6630,101572,NA,NA
"93",24,2020-06-08,"MG",4,380,180,15883,380,15883,1.7951,75.03027,0.02392,6857,101572,NA,NA
"94",24,2020-06-09,"MG",19,399,219,16102,399,16102,1.88485,76.06481,0.02478,7363,101572,NA,NA
"95",24,2020-06-10,"MG",10,409,1399,17501,409,17501,1.93209,82.67359,0.02337,7816,101572,NA,NA
"96",24,2020-06-11,"MG",22,431,947,18448,431,18448,2.03602,87.14716,0.02336,8307,101572,NA,NA
"97",24,2020-06-12,"MG",15,446,1658,20106,446,20106,2.10688,94.97944,0.02218,9822,101572,NA,NA
"98",24,2020-06-13,"MG",8,454,508,20614,454,20614,2.14467,97.3792,0.02202,10647,101572,NA,NA
"99",25,2020-06-14,"MG",21,475,767,21381,475,21381,2.24387,101.00246,0.02222,11156,101572,NA,NA
"100",25,2020-06-15,"MG",6,481,347,21728,481,21728,2.27221,102.64167,0.02214,11553,101572,NA,NA
"101",25,2020-06-16,"MG",21,502,296,22024,502,22024,2.37142,104.03995,0.02279,11826,101572,NA,NA
"102",25,2020-06-17,"MG",35,537,1323,23347,537,23347,2.53675,110.28972,0.023,12695,101572,NA,NA
"103",25,2020-06-18,"MG",33,570,1559,24906,570,24906,2.69264,117.65433,0.02289,13678,101572,NA,NA
"104",25,2020-06-19,"MG",30,600,1146,26052,600,26052,2.83436,123.06796,0.02303,15138,101572,NA,NA
"105",25,2020-06-20,"MG",36,636,1253,27305,636,27305,3.00442,128.98705,0.02329,15989,101572,NA,NA
"106",26,2020-06-21,"MG",25,661,336,27641,661,27641,3.12252,130.5743,0.02391,16446,101572,NA,NA
"107",26,2020-06-22,"MG",27,688,1277,28918,688,28918,3.25007,136.60676,0.02379,17040,101572,NA,NA
"108",26,2020-06-23,"MG",32,720,979,29897,720,29897,3.40123,141.23149,0.02408,17295,101572,NA,NA
"109",26,2020-06-24,"MG",51,771,1446,31343,771,31343,3.64215,148.06231,0.0246,18255,101572,NA,NA
"110",26,2020-06-25,"MG",35,806,1426,32769,806,32769,3.80749,154.79864,0.0246,19466,101572,NA,NA
