"","epi_week","date","state","newDeaths","deaths","newCases","totalCases","deathsMS","totalCasesMS","deaths_per_100k_inhabitants","totalCases_per_100k_inhabitants","deaths_by_totalCases","recovered","suspects","tests","tests_per_100k_inhabitants"
"1",11,2020-03-14,"MS",0,0,2,2,0,0,0,0.07197,0,NA,NA,NA,NA
"2",12,2020-03-15,"MS",0,0,0,2,0,0,0,0.07197,0,NA,NA,NA,NA
"3",12,2020-03-16,"MS",0,0,2,4,0,2,0,0.14394,0,NA,NA,NA,NA
"4",12,2020-03-17,"MS",0,0,2,6,0,4,0,0.21591,0,NA,NA,NA,NA
"5",12,2020-03-18,"MS",0,0,1,7,0,7,0,0.25189,0,NA,NA,NA,NA
"6",12,2020-03-19,"MS",0,0,2,9,0,7,0,0.32386,0,NA,NA,NA,NA
"7",12,2020-03-20,"MS",0,0,3,12,0,9,0,0.43181,0,NA,NA,NA,NA
"8",12,2020-03-21,"MS",0,0,4,16,0,16,0,0.57575,0,NA,NA,NA,NA
"9",13,2020-03-22,"MS",0,0,5,21,0,21,0,0.75567,0,NA,NA,NA,NA
"10",13,2020-03-23,"MS",0,0,0,21,0,21,0,0.75567,0,NA,NA,NA,NA
"11",13,2020-03-24,"MS",0,0,3,24,0,23,0,0.86362,0,NA,NA,NA,NA
"12",13,2020-03-25,"MS",0,0,0,24,0,24,0,0.86362,0,NA,NA,NA,NA
"13",13,2020-03-26,"MS",0,0,1,25,0,25,0,0.89961,0,NA,NA,NA,NA
"14",13,2020-03-27,"MS",0,0,3,28,0,28,0,1.00756,0,NA,NA,NA,NA
"15",13,2020-03-28,"MS",0,0,3,31,0,31,0,1.11551,0,NA,NA,NA,NA
"16",14,2020-03-29,"MS",0,0,5,36,0,36,0,1.29544,0,NA,NA,NA,NA
"17",14,2020-03-30,"MS",0,0,8,44,0,44,0,1.58331,0,NA,NA,NA,NA
"18",14,2020-03-31,"MS",1,1,4,48,1,48,0.03598,1.72725,0.02083,NA,NA,NA,NA
"19",14,2020-04-01,"MS",0,1,3,51,1,51,0.03598,1.8352,0.01961,NA,39,NA,NA
"20",14,2020-04-02,"MS",0,1,2,53,1,53,0.03598,1.90717,0.01887,NA,39,NA,NA
"21",14,2020-04-03,"MS",0,1,7,60,1,60,0.03598,2.15906,0.01667,NA,39,NA,NA
"22",14,2020-04-04,"MS",0,1,2,62,1,62,0.03598,2.23103,0.01613,NA,41,NA,NA
"23",15,2020-04-05,"MS",0,1,3,65,1,65,0.03598,2.33898,0.01538,NA,41,NA,NA
"24",15,2020-04-06,"MS",0,1,1,66,1,66,0.03598,2.37497,0.01515,NA,63,NA,NA
"25",15,2020-04-07,"MS",1,2,14,80,2,80,0.07197,2.87875,0.025,NA,26,NA,NA
"26",15,2020-04-08,"MS",0,2,5,85,2,85,0.07197,3.05867,0.02353,7,43,NA,NA
"27",15,2020-04-09,"MS",0,2,4,89,2,89,0.07197,3.20261,0.02247,7,43,NA,NA
"28",15,2020-04-10,"MS",0,2,8,97,2,97,0.07197,3.49048,0.02062,7,32,NA,NA
"29",15,2020-04-11,"MS",0,2,3,100,2,100,0.07197,3.59843,0.02,7,47,NA,NA
"30",16,2020-04-12,"MS",0,2,1,101,2,101,0.07197,3.63442,0.0198,7,63,NA,NA
"31",16,2020-04-13,"MS",2,4,12,113,4,113,0.14394,4.06623,0.0354,7,63,NA,NA
"32",16,2020-04-14,"MS",0,4,2,115,4,115,0.14394,4.1382,0.03478,11,18,NA,NA
"33",16,2020-04-15,"MS",0,4,6,121,4,121,0.14394,4.35411,0.03306,11,30,NA,NA
"34",16,2020-04-16,"MS",1,5,10,131,5,131,0.17992,4.71395,0.03817,12,30,NA,NA
"35",16,2020-04-17,"MS",0,5,12,143,5,143,0.17992,5.14576,0.03497,12,30,NA,NA
"36",16,2020-04-18,"MS",0,5,18,161,5,161,0.17992,5.79348,0.03106,14,50,NA,NA
"37",17,2020-04-19,"MS",0,5,7,168,5,168,0.17992,6.04537,0.02976,14,43,NA,NA
"38",17,2020-04-20,"MS",0,5,3,171,5,171,0.17992,6.15332,0.02924,16,37,NA,NA
"39",17,2020-04-21,"MS",1,6,2,173,6,173,0.21591,6.22529,0.03468,16,45,NA,NA
"40",17,2020-04-22,"MS",0,6,2,175,6,175,0.21591,6.29726,0.03429,19,27,NA,NA
"41",17,2020-04-23,"MS",1,7,11,186,7,186,0.25189,6.69309,0.03763,21,27,NA,NA
"42",17,2020-04-24,"MS",0,7,27,213,7,213,0.25189,7.66467,0.03286,102,21,NA,NA
"43",17,2020-04-25,"MS",0,7,4,217,7,217,0.25189,7.8086,0.03226,105,25,NA,NA
"44",18,2020-04-26,"MS",0,7,17,234,7,234,0.25189,8.42034,0.02991,114,18,NA,NA
"45",18,2020-04-27,"MS",2,9,4,238,9,238,0.32386,8.56427,0.03782,124,18,NA,NA
"46",18,2020-04-28,"MS",0,9,2,240,9,240,0.32386,8.63624,0.0375,124,38,NA,NA
"47",18,2020-04-29,"MS",0,9,9,249,9,249,0.32386,8.9601,0.03614,134,20,NA,NA
"48",18,2020-04-30,"MS",0,9,6,255,9,255,0.32386,9.17601,0.03529,153,39,NA,NA
"49",18,2020-05-01,"MS",0,9,6,261,9,261,0.32386,9.39191,0.03448,153,38,NA,NA
"50",18,2020-05-02,"MS",0,9,5,266,9,266,0.32386,9.57184,0.03383,154,53,NA,NA
"51",19,2020-05-03,"MS",1,10,6,272,10,272,0.35984,9.78774,0.03676,156,53,NA,NA
"52",19,2020-05-04,"MS",0,10,2,274,10,274,0.35984,9.85971,0.0365,172,50,NA,NA
"53",19,2020-05-05,"MS",0,10,9,283,10,283,0.35984,10.18357,0.03534,181,21,NA,NA
"54",19,2020-05-06,"MS",0,10,5,288,10,288,0.35984,10.36349,0.03472,184,28,NA,NA
"55",19,2020-05-07,"MS",0,10,23,311,10,311,0.35984,11.19113,0.03215,189,32,NA,NA
"56",19,2020-05-08,"MS",1,11,15,326,11,326,0.39583,11.7309,0.03374,199,61,NA,NA
"57",19,2020-05-09,"MS",0,11,20,346,11,346,0.39583,12.45058,0.03179,200,71,NA,NA
"58",20,2020-05-10,"MS",0,11,16,362,11,362,0.39583,13.02633,0.03039,201,51,NA,NA
"59",20,2020-05-11,"MS",0,11,23,385,11,385,0.39583,13.85397,0.02857,201,35,NA,NA
"60",20,2020-05-12,"MS",1,12,20,405,12,405,0.43181,14.57366,0.02963,207,83,NA,NA
"61",20,2020-05-13,"MS",1,13,25,430,13,430,0.4678,15.47327,0.03023,212,66,NA,NA
"62",20,2020-05-14,"MS",1,14,22,452,14,452,0.50378,16.26493,0.03097,215,78,NA,NA
"63",20,2020-05-15,"MS",0,14,27,479,14,479,0.50378,17.2365,0.02923,215,117,NA,NA
"64",20,2020-05-16,"MS",1,15,29,508,15,508,0.53977,18.28005,0.02953,216,148,NA,NA
"65",21,2020-05-17,"MS",0,15,62,570,15,570,0.53977,20.51108,0.02632,217,69,NA,NA
"66",21,2020-05-18,"MS",1,16,43,613,16,613,0.57575,22.05841,0.0261,217,24,NA,NA
"67",21,2020-05-19,"MS",0,16,29,642,16,642,0.57575,23.10195,0.02492,220,77,NA,NA
"68",21,2020-05-20,"MS",1,17,51,693,17,693,0.61173,24.93715,0.02453,220,77,NA,NA
"69",21,2020-05-21,"MS",0,17,53,746,17,746,0.61173,26.84432,0.02279,267,77,NA,NA
"70",21,2020-05-22,"MS",0,17,59,805,17,805,0.61173,28.9674,0.02112,269,379,NA,NA
"71",21,2020-05-23,"MS",0,17,53,858,17,858,0.61173,30.87457,0.01981,296,379,NA,NA
"72",22,2020-05-24,"MS",0,17,165,1023,17,924,0.61173,36.81199,0.01662,347,379,NA,NA
"73",22,2020-05-25,"MS",0,17,77,1100,17,1023,0.61173,39.58278,0.01545,350,214,NA,NA
"74",22,2020-05-26,"MS",1,18,86,1186,17,1100,0.64772,42.67744,0.01518,374,146,NA,NA
"75",22,2020-05-27,"MS",0,18,76,1262,18,1186,0.64772,45.41225,0.01426,404,146,NA,NA
"76",22,2020-05-28,"MS",0,18,94,1356,18,1262,0.64772,48.79478,0.01327,417,512,NA,NA
"77",22,2020-05-29,"MS",1,19,62,1418,18,1356,0.6837,51.02581,0.0134,451,385,NA,NA
"78",22,2020-05-30,"MS",1,20,71,1489,19,1418,0.71969,53.58069,0.01343,507,329,NA,NA
"79",23,2020-05-31,"MS",0,20,79,1568,20,1489,0.71969,56.42346,0.01276,522,329,NA,NA
"80",23,2020-06-01,"MS",0,20,78,1646,20,1568,0.71969,59.23024,0.01215,532,465,NA,NA
"81",23,2020-06-02,"MS",0,20,156,1802,20,1646,0.71969,64.8438,0.0111,650,278,NA,NA
"82",23,2020-06-03,"MS",0,20,123,1925,20,1802,0.71969,69.26987,0.01039,808,402,NA,NA
"83",23,2020-06-04,"MS",1,21,72,1997,20,1925,0.75567,71.86074,0.01052,872,302,NA,NA
"84",23,2020-06-05,"MS",0,21,135,2132,21,1997,0.75567,76.71863,0.00985,957,630,NA,NA
"85",23,2020-06-06,"MS",0,21,121,2253,21,2132,0.75567,81.07274,0.00932,1026,628,NA,NA
"86",24,2020-06-07,"MS",1,22,71,2324,21,2253,0.79166,83.62763,0.00947,1163,645,NA,NA
"87",24,2020-06-08,"MS",0,22,131,2455,22,2324,0.79166,88.34157,0.00896,1190,372,NA,NA
"88",24,2020-06-09,"MS",2,24,142,2597,22,2455,0.86362,93.45135,0.00924,1227,387,NA,NA
"89",24,2020-06-10,"MS",1,25,256,2853,24,2597,0.89961,102.66335,0.00876,1360,387,NA,NA
"90",24,2020-06-11,"MS",3,28,148,3001,25,2853,1.00756,107.98903,0.00933,1461,542,NA,NA
"91",24,2020-06-12,"MS",0,28,234,3235,28,3001,1.00756,116.40937,0.00866,1552,639,NA,NA
"92",24,2020-06-13,"MS",3,31,198,3433,28,3235,1.11551,123.53427,0.00903,1701,917,NA,NA
"93",25,2020-06-14,"MS",2,33,118,3551,31,3433,1.18748,127.78042,0.00929,1819,1132,NA,NA
"94",25,2020-06-15,"MS",3,36,234,3785,33,3551,1.29544,136.20076,0.00951,1907,943,NA,NA
"95",25,2020-06-16,"MS",0,36,379,4164,36,3785,1.29544,149.83883,0.00865,1969,1234,NA,NA
"96",25,2020-06-17,"MS",3,39,110,4274,36,4164,1.40339,153.7971,0.00912,2110,1146,NA,NA
"97",25,2020-06-18,"MS",1,40,392,4666,39,4274,1.43937,167.90297,0.00857,2200,1232,NA,NA
"98",25,2020-06-19,"MS",3,43,324,4990,40,4666,1.54733,179.5619,0.00862,2290,1429,NA,NA
"99",25,2020-06-20,"MS",2,45,247,5237,43,4990,1.6193,188.45003,0.00859,2450,1211,NA,NA
"100",26,2020-06-21,"MS",2,47,154,5391,45,5237,1.69126,193.99162,0.00872,2621,1386,NA,NA
"101",26,2020-06-22,"MS",8,55,393,5784,47,5391,1.97914,208.13347,0.00951,2788,1187,NA,NA
"102",26,2020-06-23,"MS",1,56,417,6201,55,5784,2.01512,223.13894,0.00903,2893,1187,NA,NA
"103",26,2020-06-24,"MS",5,61,322,6523,56,6201,2.19505,234.7259,0.00935,2934,1412,NA,NA
"104",26,2020-06-25,"MS",0,61,0,6523,61,6523,2.19505,234.7259,0.00935,1496,1412,NA,NA
