"","epi_week","date","state","newDeaths","deaths","newCases","totalCases","deathsMS","totalCasesMS","deaths_per_100k_inhabitants","totalCases_per_100k_inhabitants","deaths_by_totalCases","recovered","suspects","tests","tests_per_100k_inhabitants"
"1",12,2020-03-18,"PB",0,0,1,1,0,0,0,0.02489,0,NA,NA,NA,NA
"2",12,2020-03-19,"PB",0,0,0,1,0,1,0,0.02489,0,NA,NA,NA,NA
"3",12,2020-03-20,"PB",0,0,0,1,0,1,0,0.02489,0,NA,NA,NA,NA
"4",12,2020-03-21,"PB",0,0,0,1,0,1,0,0.02489,0,NA,NA,NA,NA
"5",13,2020-03-22,"PB",0,0,0,1,0,1,0,0.02489,0,NA,NA,NA,NA
"6",13,2020-03-23,"PB",0,0,1,2,0,2,0,0.04977,0,NA,206,NA,NA
"7",13,2020-03-24,"PB",0,0,1,3,0,3,0,0.07466,0,NA,206,NA,NA
"8",13,2020-03-25,"PB",0,0,2,5,0,3,0,0.12444,0,NA,206,NA,NA
"9",13,2020-03-26,"PB",0,0,1,6,0,5,0,0.14932,0,NA,206,NA,NA
"10",13,2020-03-27,"PB",0,0,4,10,0,9,0,0.24887,0,NA,206,NA,NA
"11",13,2020-03-28,"PB",0,0,4,14,0,14,0,0.34842,0,3,206,NA,NA
"12",14,2020-03-29,"PB",0,0,0,14,0,14,0,0.34842,0,3,206,NA,NA
"13",14,2020-03-30,"PB",0,0,3,17,0,15,0,0.42308,0,3,90,NA,NA
"14",14,2020-03-31,"PB",1,1,1,18,0,17,0.02489,0.44797,0.05556,3,90,NA,NA
"15",14,2020-04-01,"PB",0,1,3,21,1,20,0.02489,0.52263,0.04762,3,90,NA,NA
"16",14,2020-04-02,"PB",0,1,8,29,1,21,0.02489,0.72173,0.03448,3,90,NA,NA
"17",14,2020-04-03,"PB",0,1,3,32,1,29,0.02489,0.79639,0.03125,3,90,NA,NA
"18",14,2020-04-04,"PB",2,3,2,34,2,32,0.07466,0.84617,0.08824,3,90,NA,NA
"19",15,2020-04-05,"PB",1,4,1,35,4,34,0.09955,0.87105,0.11429,3,90,NA,NA
"20",15,2020-04-06,"PB",0,4,1,36,4,35,0.09955,0.89594,0.11111,9,90,NA,NA
"21",15,2020-04-07,"PB",0,4,5,41,4,36,0.09955,1.02038,0.09756,9,1091,NA,NA
"22",15,2020-04-08,"PB",3,7,14,55,4,41,0.17421,1.3688,0.12727,9,1091,NA,NA
"23",15,2020-04-09,"PB",4,11,24,79,7,55,0.27376,1.96609,0.13924,9,1091,NA,NA
"24",15,2020-04-10,"PB",0,11,6,85,11,79,0.27376,2.11541,0.12941,30,1091,NA,NA
"25",15,2020-04-11,"PB",2,13,16,101,11,85,0.32353,2.51361,0.12871,30,1091,NA,NA
"26",16,2020-04-12,"PB",0,13,10,111,13,101,0.32353,2.76248,0.11712,43,1091,NA,NA
"27",16,2020-04-13,"PB",3,16,25,136,13,111,0.3982,3.38466,0.11765,52,1091,NA,NA
"28",16,2020-04-14,"PB",5,21,16,152,16,136,0.52263,3.78286,0.13816,52,1091,NA,NA
"29",16,2020-04-15,"PB",3,24,13,165,21,151,0.59729,4.10639,0.14545,80,1091,NA,NA
"30",16,2020-04-16,"PB",2,26,30,195,24,165,0.64707,4.85301,0.13333,80,1091,NA,NA
"31",16,2020-04-17,"PB",2,28,10,205,26,195,0.69684,5.10188,0.13659,90,1091,NA,NA
"32",16,2020-04-18,"PB",1,29,31,236,26,205,0.72173,5.87338,0.12288,90,148,NA,NA
"33",17,2020-04-19,"PB",3,32,9,245,29,236,0.79639,6.09737,0.13061,99,163,NA,NA
"34",17,2020-04-20,"PB",1,33,18,263,32,245,0.82128,6.54534,0.12548,116,163,NA,NA
"35",17,2020-04-21,"PB",6,39,38,301,33,263,0.9706,7.49105,0.12957,116,115,NA,NA
"36",17,2020-04-22,"PB",1,40,44,345,39,301,0.99549,8.58609,0.11594,116,148,NA,NA
"37",17,2020-04-23,"PB",4,44,41,386,40,345,1.09504,9.60647,0.11399,116,148,NA,NA
"38",17,2020-04-24,"PB",2,46,61,447,44,386,1.14481,11.12459,0.10291,117,148,NA,NA
"39",17,2020-04-25,"PB",3,49,52,499,46,447,1.21947,12.41872,0.0982,117,NA,NA,NA
"40",18,2020-04-26,"PB",1,50,44,543,49,499,1.24436,13.51376,0.09208,119,NA,NA,NA
"41",18,2020-04-27,"PB",3,53,90,633,50,543,1.31902,15.75361,0.08373,119,NA,NA,NA
"42",18,2020-04-28,"PB",4,57,65,698,53,633,1.41857,17.37128,0.08166,149,NA,NA,NA
"43",18,2020-04-29,"PB",5,62,116,814,58,699,1.54301,20.25819,0.07617,152,NA,NA,NA
"44",18,2020-04-30,"PB",5,67,112,926,62,814,1.66744,23.04556,0.07235,156,NA,NA,NA
"45",18,2020-05-01,"PB",7,74,108,1034,67,926,1.84165,25.73338,0.07157,177,NA,NA,NA
"46",18,2020-05-02,"PB",2,76,135,1169,74,1034,1.89143,29.09316,0.06501,177,NA,NA,NA
"47",19,2020-05-03,"PB",3,79,50,1219,76,1169,1.96609,30.33752,0.06481,227,NA,NA,NA
"48",19,2020-05-04,"PB",6,85,142,1361,79,1219,2.11541,33.8715,0.06245,227,NA,NA,NA
"49",19,2020-05-05,"PB",7,92,132,1493,85,1361,2.28962,37.15662,0.06162,310,NA,NA,NA
"50",19,2020-05-06,"PB",9,101,164,1657,92,1493,2.51361,41.23812,0.06095,320,NA,NA,NA
"51",19,2020-05-07,"PB",10,111,192,1849,101,1657,2.76248,46.01646,0.06003,490,NA,NA,NA
"52",19,2020-05-08,"PB",3,114,182,2031,114,2031,2.83714,50.54594,0.05613,490,NA,NA,NA
"53",19,2020-05-09,"PB",10,124,125,2156,124,2156,3.08601,53.65684,0.05751,490,NA,NA,NA
"54",20,2020-05-10,"PB",11,135,185,2341,135,2341,3.35977,58.26098,0.05767,537,NA,NA,NA
"55",20,2020-05-11,"PB",4,139,184,2525,139,2525,3.45932,62.84022,0.05505,537,NA,NA,NA
"56",20,2020-05-12,"PB",15,154,252,2777,154,2777,3.83263,69.1118,0.05546,537,NA,NA,NA
"57",20,2020-05-13,"PB",3,157,268,3045,157,3045,3.90729,75.78158,0.05156,601,NA,NA,NA
"58",20,2020-05-14,"PB",3,160,316,3361,160,3361,3.98195,83.64594,0.0476,731,NA,NA,NA
"59",20,2020-05-15,"PB",10,170,378,3739,170,3739,4.23083,93.05331,0.04547,731,NA,NA,NA
"60",20,2020-05-16,"PB",13,183,324,4063,183,4063,4.55436,101.11676,0.04504,731,NA,NA,NA
"61",21,2020-05-17,"PB",11,194,284,4347,194,4347,4.82812,108.18473,0.04463,1171,NA,NA,NA
"62",21,2020-05-18,"PB",13,207,439,4786,207,4786,5.15165,119.11022,0.04325,1462,NA,NA,NA
"63",21,2020-05-19,"PB",12,219,514,5300,219,5300,5.4503,131.90225,0.04132,1747,NA,NA,NA
"64",21,2020-05-20,"PB",11,230,538,5838,230,5838,5.72406,145.29157,0.0394,1847,NA,NA,NA
"65",21,2020-05-21,"PB",15,245,400,6238,245,6238,6.09737,155.24646,0.03928,1997,NA,NA,NA
"66",21,2020-05-22,"PB",3,248,644,6882,248,6882,6.17203,171.27383,0.03604,2003,NA,NA,NA
"67",21,2020-05-23,"PB",10,258,626,7508,258,7508,6.4209,186.85323,0.03436,2203,NA,NA,NA
"68",22,2020-05-24,"PB",14,272,315,7823,272,7823,6.76932,194.6927,0.03477,2208,NA,NA,NA
"69",22,2020-05-25,"PB",7,279,193,8016,279,8016,6.94353,199.49593,0.03481,2218,NA,NA,NA
"70",22,2020-05-26,"PB",7,286,903,8919,286,8919,7.11774,221.96909,0.03207,2225,NA,NA,NA
"71",22,2020-05-27,"PB",12,298,1290,10209,298,10209,7.41639,254.0736,0.02919,2232,NA,NA,NA
"72",22,2020-05-28,"PB",20,318,923,11132,318,11132,7.91414,277.0445,0.02857,2430,NA,NA,NA
"73",22,2020-05-29,"PB",9,327,879,12011,327,12011,8.13812,298.92037,0.02723,2435,NA,NA,NA
"74",22,2020-05-30,"PB",20,347,851,12862,347,12862,8.63586,320.09939,0.02698,2435,NA,NA,NA
"75",23,2020-05-31,"PB",13,360,300,13162,360,13162,8.9594,327.56555,0.02735,2492,NA,NA,NA
"76",23,2020-06-01,"PB",10,370,533,13695,370,13695,9.20827,340.83044,0.02702,2637,NA,NA,NA
"77",23,2020-06-02,"PB",9,379,1164,14859,379,14859,9.43226,369.79916,0.02551,2637,NA,NA,NA
"78",23,2020-06-03,"PB",35,414,1159,16018,414,16018,10.30331,398.64345,0.02585,2637,NA,NA,NA
"79",23,2020-06-04,"PB",24,438,1561,17579,438,17579,10.9006,437.49239,0.02492,2637,NA,NA,NA
"80",23,2020-06-05,"PB",13,451,1000,18579,451,18579,11.22414,462.37961,0.02427,3945,3427,NA,NA
"81",23,2020-06-06,"PB",16,467,1208,19787,467,19787,11.62233,492.44337,0.0236,4188,3427,NA,NA
"82",24,2020-06-07,"PB",17,484,523,20310,484,20310,12.04541,505.45938,0.02383,4236,3427,NA,NA
"83",24,2020-06-08,"PB",23,507,641,20951,507,20951,12.61782,521.41209,0.0242,4340,3427,NA,NA
"84",24,2020-06-09,"PB",27,534,1501,22452,534,22452,13.28977,558.7678,0.02378,4671,3427,NA,NA
"85",24,2020-06-10,"PB",25,559,1580,24032,559,24032,13.91195,598.08961,0.02326,4671,3427,NA,NA
"86",24,2020-06-11,"PB",11,570,1338,25370,570,25370,14.18571,631.3887,0.02247,5620,3427,NA,NA
"87",24,2020-06-12,"PB",40,610,1186,26556,610,26556,15.1812,660.90494,0.02297,5620,3427,NA,NA
"88",24,2020-06-13,"PB",13,623,898,27454,623,27454,15.50474,683.25367,0.02269,6477,3427,NA,NA
"89",25,2020-06-14,"PB",10,633,559,28013,633,28013,15.75361,697.16562,0.0226,6689,3427,NA,NA
"90",25,2020-06-15,"PB",23,656,655,28668,656,28668,16.32601,713.46675,0.02288,6890,3427,NA,NA
"91",25,2020-06-16,"PB",15,671,1460,30128,671,30128,16.69932,749.80208,0.02227,7500,3427,NA,NA
"92",25,2020-06-17,"PB",25,696,1584,31712,696,31712,17.3215,789.22344,0.02195,7972,3427,NA,NA
"93",25,2020-06-18,"PB",13,709,48,31760,709,31760,17.64504,790.41802,0.02232,7978,3427,NA,NA
"94",25,2020-06-19,"PB",15,724,3333,35093,724,35093,18.01835,873.36712,0.02063,9366,3951,NA,NA
"95",25,2020-06-20,"PB",19,743,1428,36521,743,36521,18.4912,908.90606,0.02034,9956,3951,NA,NA
"96",26,2020-06-21,"PB",23,766,263,36784,766,36784,19.06361,915.4514,0.02082,10213,3951,NA,NA
"97",26,2020-06-22,"PB",18,784,469,37253,784,37253,19.51158,927.12351,0.02105,10213,3951,NA,NA
"98",26,2020-06-23,"PB",23,807,1746,38999,807,38999,20.08398,970.57659,0.02069,11287,3951,NA,NA
"99",26,2020-06-24,"PB",21,828,913,39912,828,39912,20.60662,993.29862,0.02075,11687,3951,NA,NA
"100",26,2020-06-25,"PB",14,842,912,40824,842,40824,20.95504,1015.99576,0.02063,12113,3951,NA,NA
