"","epi_week","date","state","newDeaths","deaths","newCases","totalCases","deathsMS","totalCasesMS","deaths_per_100k_inhabitants","totalCases_per_100k_inhabitants","deaths_by_totalCases","recovered","suspects","tests","tests_per_100k_inhabitants"
"1",11,2020-03-12,"PR",0,0,6,6,0,6,0,0.05248,0,NA,NA,NA,NA
"2",11,2020-03-13,"PR",0,0,0,6,0,6,0,0.05248,0,NA,NA,NA,NA
"3",11,2020-03-14,"PR",0,0,0,6,0,6,0,0.05248,0,NA,NA,NA,NA
"4",12,2020-03-15,"PR",0,0,0,6,0,6,0,0.05248,0,NA,NA,NA,NA
"5",12,2020-03-16,"PR",0,0,0,6,0,6,0,0.05248,0,NA,NA,NA,NA
"6",12,2020-03-17,"PR",0,0,6,12,0,6,0,0.10495,0,NA,NA,NA,NA
"7",12,2020-03-18,"PR",0,0,3,15,0,13,0,0.13119,0,NA,NA,NA,NA
"8",12,2020-03-19,"PR",0,0,9,24,0,23,0,0.2099,0,NA,NA,NA,NA
"9",12,2020-03-20,"PR",0,0,13,37,0,32,0,0.3236,0,NA,NA,NA,NA
"10",12,2020-03-21,"PR",0,0,7,44,0,43,0,0.38482,0,NA,NA,NA,NA
"11",13,2020-03-22,"PR",0,0,10,54,0,50,0,0.47228,0,NA,NA,NA,NA
"12",13,2020-03-23,"PR",0,0,6,60,0,56,0,0.52475,0,NA,NA,NA,NA
"13",13,2020-03-24,"PR",0,0,10,70,0,65,0,0.61221,0,NA,1844,NA,NA
"14",13,2020-03-25,"PR",0,0,27,97,0,81,0,0.84835,0,7,3588,NA,NA
"15",13,2020-03-26,"PR",0,0,9,106,0,102,0,0.92706,0,7,3487,NA,NA
"16",13,2020-03-27,"PR",2,2,19,125,2,119,0.01749,1.09323,0.016,7,1078,NA,NA
"17",13,2020-03-28,"PR",0,2,12,137,2,133,0.01749,1.19819,0.0146,7,968,NA,NA
"18",14,2020-03-29,"PR",0,2,15,152,2,148,0.01749,1.32937,0.01316,7,968,NA,NA
"19",14,2020-03-30,"PR",1,3,8,160,3,155,0.02624,1.39934,0.01875,7,484,NA,NA
"20",14,2020-03-31,"PR",0,3,25,185,3,179,0.02624,1.61799,0.01622,7,521,NA,NA
"21",14,2020-04-01,"PR",0,3,44,229,3,224,0.02624,2.00281,0.0131,7,521,NA,NA
"22",14,2020-04-02,"PR",1,4,29,258,4,252,0.03498,2.25644,0.0155,7,521,NA,NA
"23",14,2020-04-03,"PR",1,5,49,307,4,301,0.04373,2.68498,0.01629,7,521,NA,NA
"24",14,2020-04-04,"PR",2,7,94,401,6,395,0.06122,3.5071,0.01746,7,521,NA,NA
"25",15,2020-04-05,"PR",3,10,44,445,9,438,0.08746,3.89192,0.02247,7,183,NA,NA
"26",15,2020-04-06,"PR",4,14,21,466,11,458,0.12244,4.07558,0.03004,7,156,NA,NA
"27",15,2020-04-07,"PR",1,15,45,511,15,503,0.13119,4.46914,0.02935,121,286,NA,NA
"28",15,2020-04-08,"PR",2,17,39,550,17,539,0.14868,4.81023,0.03091,121,333,NA,NA
"29",15,2020-04-09,"PR",7,24,71,621,22,609,0.2099,5.43119,0.03865,121,346,NA,NA
"30",15,2020-04-10,"PR",2,26,34,655,25,643,0.22739,5.72855,0.03969,121,502,NA,NA
"31",15,2020-04-11,"PR",1,27,33,688,26,676,0.23614,6.01716,0.03924,121,568,NA,NA
"32",16,2020-04-12,"PR",4,31,62,750,30,738,0.27112,6.55941,0.04133,121,472,NA,NA
"33",16,2020-04-13,"PR",2,33,18,768,31,756,0.28861,6.71683,0.04297,130,411,NA,NA
"34",16,2020-04-14,"PR",6,39,35,803,36,791,0.34109,7.02294,0.04857,134,231,NA,NA
"35",16,2020-04-15,"PR",2,41,13,816,38,803,0.35858,7.13664,0.05025,147,377,NA,NA
"36",16,2020-04-16,"PR",2,43,29,845,41,832,0.37607,7.39027,0.05089,156,377,NA,NA
"37",16,2020-04-17,"PR",1,44,42,887,42,874,0.38482,7.75759,0.04961,296,377,NA,NA
"38",16,2020-04-18,"PR",5,49,73,960,46,945,0.42855,8.39604,0.05104,296,377,NA,NA
"39",17,2020-04-19,"PR",3,52,42,1002,48,987,0.45479,8.76337,0.0519,296,343,NA,NA
"40",17,2020-04-20,"PR",1,53,20,1022,51,1007,0.46353,8.93829,0.05186,419,343,NA,NA
"41",17,2020-04-21,"PR",2,55,17,1039,51,1024,0.48102,9.08697,0.05294,439,447,NA,NA
"42",17,2020-04-22,"PR",5,60,38,1077,57,1063,0.52475,9.41931,0.05571,502,549,NA,NA
"43",17,2020-04-23,"PR",2,62,19,1096,60,1082,0.54224,9.58548,0.05657,564,549,NA,NA
"44",17,2020-04-24,"PR",5,67,37,1133,64,1119,0.58597,9.90908,0.05914,620,2357,NA,NA
"45",17,2020-04-25,"PR",4,71,22,1155,69,1140,0.62096,10.10149,0.06147,661,1483,NA,NA
"46",18,2020-04-26,"PR",4,75,16,1171,72,1156,0.65594,10.24142,0.06405,682,1483,NA,NA
"47",18,2020-04-27,"PR",2,77,30,1201,75,1186,0.67343,10.5038,0.06411,753,1483,NA,NA
"48",18,2020-04-28,"PR",2,79,85,1286,77,1271,0.69092,11.2472,0.06143,851,1483,NA,NA
"49",18,2020-04-29,"PR",5,84,78,1364,82,1348,0.73465,11.92938,0.06158,879,426,NA,NA
"50",18,2020-04-30,"PR",4,88,59,1423,83,1407,0.76964,12.44539,0.06184,915,380,NA,NA
"51",18,2020-05-01,"PR",4,92,41,1464,89,1447,0.80462,12.80397,0.06284,974,380,NA,NA
"52",18,2020-05-02,"PR",1,93,46,1510,90,1492,0.81337,13.20628,0.06159,987,519,NA,NA
"53",19,2020-05-03,"PR",3,96,23,1533,93,1514,0.8396,13.40743,0.06262,987,534,NA,NA
"54",19,2020-05-04,"PR",1,97,48,1581,94,1562,0.84835,13.82723,0.06135,1030,534,NA,NA
"55",19,2020-05-05,"PR",5,102,27,1608,99,1588,0.89208,14.06337,0.06343,1070,315,NA,NA
"56",19,2020-05-06,"PR",2,104,39,1647,101,1627,0.90957,14.40446,0.06315,1086,429,NA,NA
"57",19,2020-05-07,"PR",3,107,31,1678,104,1656,0.93581,14.67558,0.06377,1139,376,NA,NA
"58",19,2020-05-08,"PR",2,109,56,1734,106,1711,0.9533,15.16535,0.06286,1210,546,NA,NA
"59",19,2020-05-09,"PR",1,110,75,1809,107,1785,0.96205,15.82129,0.06081,1210,736,NA,NA
"60",20,2020-05-10,"PR",2,112,50,1859,109,1835,0.97954,16.25859,0.06025,1210,521,NA,NA
"61",20,2020-05-11,"PR",2,114,14,1873,111,1849,0.99703,16.38103,0.06086,1266,521,NA,NA
"62",20,2020-05-12,"PR",2,116,57,1930,113,1906,1.01452,16.87955,0.0601,1318,582,NA,NA
"63",20,2020-05-13,"PR",4,120,93,2023,117,1996,1.04951,17.69291,0.05932,1424,686,NA,NA
"64",20,2020-05-14,"PR",2,122,68,2091,119,2063,1.067,18.28763,0.05835,1449,797,NA,NA
"65",20,2020-05-15,"PR",2,124,76,2167,120,2139,1.08449,18.95232,0.05722,1477,1047,NA,NA
"66",20,2020-05-16,"PR",2,126,105,2272,123,2242,1.10198,19.87064,0.05546,1477,1047,NA,NA
"67",21,2020-05-17,"PR",1,127,44,2316,124,2286,1.11073,20.25545,0.05484,1477,884,NA,NA
"68",21,2020-05-18,"PR",3,130,74,2390,127,2360,1.13696,20.90265,0.05439,1492,875,NA,NA
"69",21,2020-05-19,"PR",3,133,129,2519,129,2481,1.1632,22.03087,0.0528,1526,638,NA,NA
"70",21,2020-05-20,"PR",7,140,137,2656,137,2616,1.22442,23.22905,0.05271,1526,638,NA,NA
"71",21,2020-05-21,"PR",4,144,199,2855,141,2810,1.25941,24.96948,0.05044,1680,834,NA,NA
"72",21,2020-05-22,"PR",5,149,130,2985,146,2939,1.30314,26.10645,0.04992,1680,834,NA,NA
"73",21,2020-05-23,"PR",4,153,162,3147,150,3099,1.33812,27.52328,0.04862,1705,980,NA,NA
"74",22,2020-05-24,"PR",3,156,113,3260,153,3212,1.36436,28.51156,0.04785,1705,788,NA,NA
"75",22,2020-05-25,"PR",4,160,124,3384,156,3331,1.39934,29.59605,0.04728,1748,903,NA,NA
"76",22,2020-05-26,"PR",4,164,183,3567,159,3512,1.43432,31.19655,0.04598,1795,833,NA,NA
"77",22,2020-05-27,"PR",3,167,201,3768,162,3712,1.46056,32.95447,0.04432,1830,1170,NA,NA
"78",22,2020-05-28,"PR",7,174,273,4041,169,3984,1.52178,35.3421,0.04306,1806,1170,NA,NA
"79",22,2020-05-29,"PR",4,178,259,4300,173,4236,1.55677,37.60728,0.0414,1863,2063,NA,NA
"80",22,2020-05-30,"PR",8,186,238,4538,181,4473,1.62673,39.6888,0.04099,1863,1939,NA,NA
"81",23,2020-05-31,"PR",1,187,214,4752,182,4687,1.63548,41.56042,0.03935,1863,1418,NA,NA
"82",23,2020-06-01,"PR",8,195,148,4900,190,4835,1.70545,42.85481,0.0398,1971,1418,NA,NA
"83",23,2020-06-02,"PR",9,204,335,5235,199,5163,1.78416,45.78467,0.03897,2097,1406,NA,NA
"84",23,2020-06-03,"PR",6,210,332,5567,205,5494,1.83663,48.68831,0.03772,2256,1834,NA,NA
"85",23,2020-06-04,"PR",10,220,328,5895,215,5820,1.92409,51.55695,0.03732,2267,1971,NA,NA
"86",23,2020-06-05,"PR",13,233,539,6434,227,6348,2.03779,56.27098,0.03621,2402,1519,NA,NA
"87",23,2020-06-06,"PR",6,239,259,6693,232,6605,2.09026,58.53617,0.03571,2402,1757,NA,NA
"88",24,2020-06-07,"PR",5,244,294,6987,237,6897,2.13399,61.10745,0.03492,2402,1995,NA,NA
"89",24,2020-06-08,"PR",6,250,134,7121,243,7031,2.18647,62.2794,0.03511,2558,2109,NA,NA
"90",24,2020-06-09,"PR",10,260,289,7410,253,7314,2.27393,64.80696,0.03509,2744,2804,NA,NA
"91",24,2020-06-10,"PR",22,282,524,7934,275,7831,2.46634,69.3898,0.03554,2887,3095,NA,NA
"92",24,2020-06-11,"PR",6,288,635,8569,280,8457,2.51881,74.94343,0.03361,2887,3095,NA,NA
"93",24,2020-06-12,"PR",14,302,249,8818,294,8705,2.64126,77.12116,0.03425,3044,3269,NA,NA
"94",24,2020-06-13,"PR",18,320,535,9353,312,9233,2.79868,81.8002,0.03421,3044,3724,NA,NA
"95",25,2020-06-14,"PR",14,334,353,9706,326,9583,2.92112,84.8875,0.03441,3044,3862,NA,NA
"96",25,2020-06-15,"PR",8,342,133,9839,334,9716,2.99109,86.0507,0.03476,3113,4339,NA,NA
"97",25,2020-06-16,"PR",30,372,851,10690,364,10557,3.25347,93.49344,0.0348,3215,3462,NA,NA
"98",25,2020-06-17,"PR",22,394,535,11225,386,11085,3.44588,98.17249,0.0351,3294,4293,NA,NA
"99",25,2020-06-18,"PR",21,415,834,12059,406,11919,3.62954,105.46655,0.03441,3551,5183,NA,NA
"100",25,2020-06-19,"PR",13,428,873,12932,419,12785,3.74324,113.1017,0.0331,4019,6014,NA,NA
"101",25,2020-06-20,"PR",9,437,889,13821,428,13662,3.82195,120.87679,0.03162,4019,7581,NA,NA
"102",26,2020-06-21,"PR",14,451,680,14501,451,14501,3.94439,126.82399,0.0311,4019,7795,NA,NA
"103",26,2020-06-22,"PR",18,469,623,15124,469,15124,4.10182,132.27267,0.03101,4325,8088,NA,NA
"104",26,2020-06-23,"PR",29,498,729,15853,498,15853,4.35545,138.64841,0.03141,4414,8329,NA,NA
"105",26,2020-06-24,"PR",23,521,1110,16963,521,16963,4.5566,148.35634,0.03071,4598,9941,NA,NA
"106",26,2020-06-25,"PR",18,539,859,17822,539,17821,4.71403,155.86905,0.03024,4780,12343,NA,NA
