"","epi_week","date","state","newDeaths","deaths","newCases","totalCases","deathsMS","totalCasesMS","deaths_per_100k_inhabitants","totalCases_per_100k_inhabitants","deaths_by_totalCases","recovered","suspects","tests","tests_per_100k_inhabitants"
"1",11,2020-03-12,"RN",0,0,1,1,0,0,0,0.02852,0,NA,NA,NA,NA
"2",11,2020-03-13,"RN",0,0,0,1,0,1,0,0.02852,0,NA,NA,NA,NA
"3",11,2020-03-14,"RN",0,0,0,1,0,1,0,0.02852,0,NA,NA,NA,NA
"4",12,2020-03-15,"RN",0,0,0,1,0,1,0,0.02852,0,NA,NA,NA,NA
"5",12,2020-03-16,"RN",0,0,0,1,0,1,0,0.02852,0,NA,NA,NA,NA
"6",12,2020-03-17,"RN",0,0,0,1,0,1,0,0.02852,0,NA,NA,NA,NA
"7",12,2020-03-18,"RN",0,0,0,1,0,1,0,0.02852,0,NA,NA,NA,NA
"8",12,2020-03-19,"RN",0,0,0,1,0,1,0,0.02852,0,NA,NA,NA,NA
"9",12,2020-03-20,"RN",0,0,5,6,0,1,0,0.17109,0,NA,NA,NA,NA
"10",12,2020-03-21,"RN",0,0,3,9,0,6,0,0.25664,0,NA,NA,NA,NA
"11",13,2020-03-22,"RN",0,0,4,13,0,9,0,0.3707,0,NA,NA,NA,NA
"12",13,2020-03-23,"RN",0,0,0,13,0,13,0,0.3707,0,NA,NA,NA,NA
"13",13,2020-03-24,"RN",0,0,1,14,0,13,0,0.39922,0,1,NA,NA,NA
"14",13,2020-03-25,"RN",0,0,0,14,0,14,0,0.39922,0,1,478,NA,NA
"15",13,2020-03-26,"RN",0,0,5,19,0,19,0,0.5418,0,1,1125,NA,NA
"16",13,2020-03-27,"RN",0,0,9,28,0,28,0,0.79844,0,1,1125,NA,NA
"17",13,2020-03-28,"RN",1,1,40,68,0,45,0.02852,1.93906,0.01471,1,1130,NA,NA
"18",14,2020-03-29,"RN",0,1,0,68,1,68,0.02852,1.93906,0.01471,1,1130,NA,NA
"19",14,2020-03-30,"RN",0,1,9,77,1,77,0.02852,2.1957,0.01299,1,1130,NA,NA
"20",14,2020-03-31,"RN",0,1,5,82,1,82,0.02852,2.33828,0.0122,1,1836,NA,NA
"21",14,2020-04-01,"RN",1,2,10,92,2,92,0.05703,2.62343,0.02174,1,1836,NA,NA
"22",14,2020-04-02,"RN",0,2,14,106,2,105,0.05703,3.02265,0.01887,1,2153,NA,NA
"23",14,2020-04-03,"RN",2,4,70,176,4,176,0.11406,5.01874,0.02273,1,2288,NA,NA
"24",14,2020-04-04,"RN",2,6,39,215,5,212,0.17109,6.13085,0.02791,1,2261,NA,NA
"25",15,2020-04-05,"RN",1,7,31,246,7,242,0.19961,7.01484,0.02846,1,2261,NA,NA
"26",15,2020-04-06,"RN",0,7,0,246,7,246,0.19961,7.01484,0.02846,1,2261,NA,NA
"27",15,2020-04-07,"RN",1,8,8,254,8,254,0.22812,7.24296,0.0315,1,2430,NA,NA
"28",15,2020-04-08,"RN",3,11,8,262,11,261,0.31367,7.47109,0.04198,1,2619,NA,NA
"29",15,2020-04-09,"RN",0,11,0,262,11,261,0.31367,7.47109,0.04198,1,2822,NA,NA
"30",15,2020-04-10,"RN",0,11,1,263,11,263,0.31367,7.4996,0.04183,1,2954,NA,NA
"31",15,2020-04-11,"RN",2,13,26,289,13,289,0.3707,8.24101,0.04498,1,2881,NA,NA
"32",16,2020-04-12,"RN",4,17,50,339,15,302,0.48477,9.66679,0.05015,1,2871,NA,NA
"33",16,2020-04-13,"RN",1,18,37,376,17,339,0.51328,10.72186,0.04787,1,2698,NA,NA
"34",16,2020-04-14,"RN",1,19,23,399,18,376,0.5418,11.37772,0.04762,1,2430,NA,NA
"35",16,2020-04-15,"RN",1,20,1,400,19,399,0.57031,11.40624,0.05,1,2247,NA,NA
"36",16,2020-04-16,"RN",3,23,63,463,20,400,0.65586,13.20272,0.04968,1,2247,NA,NA
"37",16,2020-04-17,"RN",1,24,53,516,23,463,0.68437,14.71405,0.04651,124,2247,NA,NA
"38",16,2020-04-18,"RN",2,26,45,561,24,516,0.74141,15.99725,0.04635,124,2247,NA,NA
"39",17,2020-04-19,"RN",1,27,34,595,25,531,0.76992,16.96678,0.04538,124,2247,NA,NA
"40",17,2020-04-20,"RN",1,28,13,608,27,595,0.79844,17.33748,0.04605,161,2785,NA,NA
"41",17,2020-04-21,"RN",1,29,38,646,28,608,0.82695,18.42107,0.04489,161,2754,NA,NA
"42",17,2020-04-22,"RN",5,34,62,708,29,646,0.96953,20.18904,0.04802,289,3089,NA,NA
"43",17,2020-04-23,"RN",4,38,46,754,34,708,1.08359,21.50076,0.0504,289,3086,NA,NA
"44",17,2020-04-24,"RN",2,40,27,781,38,754,1.14062,22.27068,0.05122,289,3298,NA,NA
"45",17,2020-04-25,"RN",4,44,44,825,40,781,1.25469,23.52537,0.05333,289,3928,NA,NA
"46",18,2020-04-26,"RN",1,45,7,832,44,825,1.2832,23.72498,0.05409,289,3989,NA,NA
"47",18,2020-04-27,"RN",3,48,25,857,45,832,1.36875,24.43786,0.05601,289,4122,NA,NA
"48",18,2020-04-28,"RN",6,54,229,1086,48,857,1.53984,30.96794,0.04972,352,4626,NA,NA
"49",18,2020-04-29,"RN",2,56,91,1177,53,1086,1.59687,33.56286,0.04758,352,4730,NA,NA
"50",18,2020-04-30,"RN",0,56,120,1297,56,1177,1.59687,36.98473,0.04318,381,4792,NA,NA
"51",18,2020-05-01,"RN",3,59,69,1366,56,1297,1.68242,38.9523,0.04319,413,4822,NA,NA
"52",18,2020-05-02,"RN",2,61,26,1392,59,1366,1.73945,39.69371,0.04382,415,4834,NA,NA
"53",19,2020-05-03,"RN",1,62,29,1421,61,1392,1.76797,40.52066,0.04363,415,4939,NA,NA
"54",19,2020-05-04,"RN",6,68,115,1536,62,1421,1.93906,43.79995,0.04427,415,4974,NA,NA
"55",19,2020-05-05,"RN",4,72,108,1644,68,1536,2.05312,46.87964,0.0438,415,4974,NA,NA
"56",19,2020-05-06,"RN",4,76,95,1739,72,1574,2.16719,49.58862,0.0437,662,5503,NA,NA
"57",19,2020-05-07,"RN",5,81,82,1821,76,1739,2.30976,51.9269,0.04448,662,5704,NA,NA
"58",19,2020-05-08,"RN",6,87,98,1919,81,1821,2.48086,54.72143,0.04534,662,6188,NA,NA
"59",19,2020-05-09,"RN",0,87,0,1919,87,1919,2.48086,54.72143,0.04534,662,6696,NA,NA
"60",20,2020-05-10,"RN",1,88,11,1930,88,1928,2.50937,55.0351,0.0456,662,6696,NA,NA
"61",20,2020-05-11,"RN",5,93,103,2033,92,1989,2.65195,57.9722,0.04575,662,6696,NA,NA
"62",20,2020-05-12,"RN",12,105,334,2367,93,2033,2.99414,67.49641,0.04436,734,7500,NA,NA
"63",20,2020-05-13,"RN",12,117,170,2537,105,2367,3.33632,72.34406,0.04612,804,7814,NA,NA
"64",20,2020-05-14,"RN",5,122,249,2786,117,2537,3.4789,79.44445,0.04379,853,8438,NA,NA
"65",20,2020-05-15,"RN",0,122,0,2786,122,2786,3.4789,79.44445,0.04379,853,8438,NA,NA
"66",20,2020-05-16,"RN",14,136,218,3004,136,3004,3.87812,85.66085,0.04527,872,9852,NA,NA
"67",21,2020-05-17,"RN",3,139,134,3138,139,3137,3.96367,89.48194,0.0443,872,9852,NA,NA
"68",21,2020-05-18,"RN",21,160,345,3483,146,3184,4.5625,99.31982,0.04594,872,9852,NA,NA
"69",21,2020-05-19,"RN",10,170,313,3796,160,3483,4.84765,108.2452,0.04478,992,10699,NA,NA
"70",21,2020-05-20,"RN",8,178,264,4060,170,3796,5.07578,115.77332,0.04384,992,11781,NA,NA
"71",21,2020-05-21,"RN",3,181,191,4251,178,4060,5.16132,121.21979,0.04258,997,11781,NA,NA
"72",21,2020-05-22,"RN",3,184,348,4599,181,4251,5.24687,131.14322,0.04001,997,12920,NA,NA
"73",21,2020-05-23,"RN",0,184,0,4599,184,4599,5.24687,131.14322,0.04001,997,14067,NA,NA
"74",22,2020-05-24,"RN",28,212,175,4774,200,4697,6.04531,136.13345,0.04441,997,14067,NA,NA
"75",22,2020-05-25,"RN",8,220,698,5472,209,4759,6.27343,156.03734,0.0402,997,12856,NA,NA
"76",22,2020-05-26,"RN",22,242,158,5630,220,5472,6.90077,160.5428,0.04298,1410,13146,NA,NA
"77",22,2020-05-27,"RN",0,242,0,5630,242,5630,6.90077,160.5428,0.04298,1410,14035,NA,NA
"78",22,2020-05-28,"RN",26,268,833,6463,254,5630,7.64218,184.29629,0.04147,1410,14035,NA,NA
"79",22,2020-05-29,"RN",37,305,939,7402,268,6463,8.69726,211.07243,0.04121,1410,14906,NA,NA
"80",22,2020-05-30,"RN",0,305,0,7402,305,7402,8.69726,211.07243,0.04121,1410,14172,NA,NA
"81",23,2020-05-31,"RN",18,323,649,8051,305,8051,9.21054,229.57906,0.04012,1410,14172,NA,NA
"82",23,2020-06-01,"RN",18,341,182,8233,323,7964,9.72382,234.76889,0.04142,1824,16526,NA,NA
"83",23,2020-06-02,"RN",26,367,916,9149,341,8233,10.46522,260.88918,0.04011,1410,16573,NA,NA
"84",23,2020-06-03,"RN",11,378,133,9282,367,9149,10.77889,264.68175,0.04072,1410,19659,NA,NA
"85",23,2020-06-04,"RN",9,387,151,9433,378,9282,11.03554,268.98761,0.04103,1824,19659,NA,NA
"86",23,2020-06-05,"RN",23,410,16,9449,387,9440,11.69139,269.44386,0.04339,1824,19336,NA,NA
"87",23,2020-06-06,"RN",0,410,0,9449,410,9449,11.69139,269.44386,0.04339,1824,18841,NA,NA
"88",24,2020-06-07,"RN",21,431,1439,10888,424,9452,12.29022,310.4778,0.03958,1824,18841,NA,NA
"89",24,2020-06-08,"RN",28,459,139,11027,431,10888,13.08866,314.44147,0.04163,1824,18841,NA,NA
"90",24,2020-06-09,"RN",28,487,541,11568,459,11027,13.88709,329.8684,0.0421,1824,19574,NA,NA
"91",24,2020-06-10,"RN",9,496,1666,13234,487,11568,14.14374,377.37538,0.03748,1096,23089,NA,NA
"92",24,2020-06-11,"RN",19,515,310,13544,496,13234,14.68553,386.21522,0.03802,1993,22618,NA,NA
"93",24,2020-06-12,"RN",18,533,245,13789,514,13501,15.19881,393.20154,0.03865,1993,22618,NA,NA
"94",24,2020-06-13,"RN",1,534,382,14171,533,13789,15.22733,404.0945,0.03768,1993,22613,NA,NA
"95",25,2020-06-14,"RN",19,553,43,14214,534,14171,15.76912,405.32067,0.03891,1993,22613,NA,NA
"96",25,2020-06-15,"RN",32,585,998,15212,553,14214,16.68162,433.77923,0.03846,1993,22504,NA,NA
"97",25,2020-06-16,"RN",41,626,478,15690,585,15212,17.85076,447.40969,0.0399,1993,24873,NA,NA
"98",25,2020-06-17,"RN",29,655,199,15889,585,15212,18.67771,453.08429,0.04122,1993,24873,NA,NA
"99",25,2020-06-18,"RN",38,693,150,16039,655,15889,19.76131,457.36163,0.04321,1993,24641,NA,NA
"100",25,2020-06-19,"RN",4,697,3167,19206,693,16039,19.87537,547.67052,0.03629,1993,24641,NA,NA
"101",25,2020-06-20,"RN",0,697,84,19290,697,19206,19.87537,550.06583,0.03613,1993,24641,NA,NA
"102",26,2020-06-21,"RN",33,730,667,19957,697,19290,20.81638,569.08573,0.03658,1993,24641,NA,NA
"103",26,2020-06-22,"RN",20,750,118,20075,730,19957,21.3867,572.45057,0.03736,1993,24601,NA,NA
"104",26,2020-06-23,"RN",64,814,1769,21844,750,20075,23.21169,622.89466,0.03726,1993,29947,NA,NA
"105",26,2020-06-24,"RN",44,858,821,22665,807,21774,24.46638,646.30596,0.03786,2035,29624,NA,NA
"106",26,2020-06-25,"RN",7,865,73,22738,858,22665,24.66599,648.3876,0.03804,2035,30635,NA,NA
