"","epi_week","date","state","newDeaths","deaths","newCases","totalCases","deathsMS","totalCasesMS","deaths_per_100k_inhabitants","totalCases_per_100k_inhabitants","deaths_by_totalCases","recovered","suspects","tests","tests_per_100k_inhabitants"
"1",11,2020-03-10,"RS",0,0,1,1,0,1,0,0.00879,0,NA,NA,NA,NA
"2",11,2020-03-11,"RS",0,0,1,2,0,2,0,0.01758,0,NA,NA,NA,NA
"3",11,2020-03-12,"RS",0,0,2,4,0,4,0,0.03516,0,NA,NA,NA,NA
"4",11,2020-03-13,"RS",0,0,0,4,0,4,0,0.03516,0,NA,NA,NA,NA
"5",11,2020-03-14,"RS",0,0,2,6,0,6,0,0.05274,0,NA,NA,NA,NA
"6",12,2020-03-15,"RS",0,0,0,6,0,6,0,0.05274,0,NA,NA,NA,NA
"7",12,2020-03-16,"RS",0,0,2,8,0,6,0,0.07032,0,NA,NA,NA,NA
"8",12,2020-03-17,"RS",0,0,2,10,0,10,0,0.08789,0,NA,NA,NA,NA
"9",12,2020-03-18,"RS",0,0,9,19,0,19,0,0.167,0,NA,NA,NA,NA
"10",12,2020-03-19,"RS",0,0,12,31,0,28,0,0.27247,0,NA,NA,NA,NA
"11",12,2020-03-20,"RS",0,0,12,43,0,37,0,0.37795,0,NA,NA,NA,NA
"12",12,2020-03-21,"RS",0,0,26,69,0,60,0,0.60647,0,NA,NA,NA,NA
"13",13,2020-03-22,"RS",0,0,8,77,0,72,0,0.67679,0,NA,NA,NA,NA
"14",13,2020-03-23,"RS",0,0,19,96,0,86,0,0.84379,0,NA,132,NA,NA
"15",13,2020-03-24,"RS",0,0,16,112,0,98,0,0.98442,0,3,132,NA,NA
"16",13,2020-03-25,"RS",1,1,50,162,1,123,0.00879,1.4239,0.00617,3,132,NA,NA
"17",13,2020-03-26,"RS",0,1,28,190,1,168,0.00879,1.67,0.00526,3,258,NA,NA
"18",13,2020-03-27,"RS",1,2,7,197,2,195,0.01758,1.73153,0.01015,3,258,NA,NA
"19",13,2020-03-28,"RS",0,2,3,200,2,197,0.01758,1.7579,0.01,3,258,NA,NA
"20",14,2020-03-29,"RS",0,2,30,230,2,226,0.01758,2.02158,0.0087,3,258,NA,NA
"21",14,2020-03-30,"RS",2,4,24,254,3,241,0.03516,2.23253,0.01575,3,258,NA,NA
"22",14,2020-03-31,"RS",0,4,51,305,4,274,0.03516,2.68079,0.01311,3,258,NA,NA
"23",14,2020-04-01,"RS",1,5,11,316,4,306,0.04395,2.77748,0.01582,3,258,NA,NA
"24",14,2020-04-02,"RS",0,5,70,386,5,334,0.04395,3.39274,0.01295,3,258,NA,NA
"25",14,2020-04-03,"RS",1,6,24,410,5,396,0.05274,3.60369,0.01463,3,258,NA,NA
"26",14,2020-04-04,"RS",1,7,8,418,6,410,0.06153,3.674,0.01675,3,258,NA,NA
"27",15,2020-04-05,"RS",0,7,50,468,7,418,0.06153,4.11348,0.01496,3,NA,NA,NA
"28",15,2020-04-06,"RS",1,8,33,501,7,481,0.07032,4.40353,0.01597,3,NA,NA,NA
"29",15,2020-04-07,"RS",0,8,54,555,8,508,0.07032,4.87816,0.01441,3,NA,NA,NA
"30",15,2020-04-08,"RS",2,10,26,581,9,555,0.08789,5.10669,0.01721,3,NA,NA,NA
"31",15,2020-04-09,"RS",4,14,55,636,12,618,0.12305,5.59011,0.02201,3,NA,NA,NA
"32",15,2020-04-10,"RS",1,15,4,640,14,636,0.13184,5.62527,0.02344,3,NA,NA,NA
"33",15,2020-04-11,"RS",1,16,13,653,15,640,0.14063,5.73953,0.0245,3,NA,NA,NA
"34",16,2020-04-12,"RS",0,16,11,664,16,653,0.14063,5.83621,0.0241,3,NA,NA,NA
"35",16,2020-04-13,"RS",1,17,21,685,16,664,0.14942,6.02079,0.02482,3,NA,NA,NA
"36",16,2020-04-14,"RS",1,18,35,720,18,700,0.15821,6.32842,0.025,3,NA,NA,NA
"37",16,2020-04-15,"RS",1,19,42,762,19,747,0.167,6.69758,0.02493,3,NA,NA,NA
"38",16,2020-04-16,"RS",2,21,30,792,19,780,0.18458,6.96127,0.02652,3,NA,NA,NA
"39",16,2020-04-17,"RS",3,24,39,831,22,802,0.21095,7.30406,0.02888,178,NA,NA,NA
"40",16,2020-04-18,"RS",0,24,23,854,24,831,0.21095,7.50621,0.0281,178,NA,NA,NA
"41",17,2020-04-19,"RS",2,26,15,869,24,854,0.22853,7.63806,0.02992,178,NA,NA,NA
"42",17,2020-04-20,"RS",1,27,35,904,27,889,0.23732,7.94569,0.02987,184,NA,NA,NA
"43",17,2020-04-21,"RS",0,27,14,918,27,904,0.23732,8.06874,0.02941,184,NA,NA,NA
"44",17,2020-04-22,"RS",1,28,52,970,27,923,0.24611,8.52579,0.02887,640,NA,NA,NA
"45",17,2020-04-23,"RS",1,29,69,1039,29,994,0.25489,9.13227,0.02791,678,NA,NA,NA
"46",17,2020-04-24,"RS",5,34,57,1096,31,1061,0.29884,9.63327,0.03102,693,NA,NA,NA
"47",17,2020-04-25,"RS",1,35,70,1166,34,1096,0.30763,10.24853,0.03002,703,NA,NA,NA
"48",18,2020-04-26,"RS",3,38,42,1208,35,1166,0.334,10.61769,0.03146,715,NA,NA,NA
"49",18,2020-04-27,"RS",7,45,48,1256,42,1228,0.39553,11.03959,0.03583,730,NA,NA,NA
"50",18,2020-04-28,"RS",4,49,94,1350,45,1286,0.43068,11.8658,0.0363,784,NA,NA,NA
"51",18,2020-04-29,"RS",2,51,70,1420,50,1368,0.44826,12.48106,0.03592,825,NA,NA,NA
"52",18,2020-04-30,"RS",7,58,109,1529,51,1466,0.50979,13.43911,0.03793,855,393,NA,NA
"53",18,2020-05-01,"RS",4,62,90,1619,58,1529,0.54495,14.23017,0.0383,882,388,NA,NA
"54",18,2020-05-02,"RS",3,65,47,1666,62,1619,0.57132,14.64327,0.03902,921,380,NA,NA
"55",19,2020-05-03,"RS",2,67,24,1690,65,1666,0.5889,14.85422,0.03964,948,380,NA,NA
"56",19,2020-05-04,"RS",9,76,78,1768,74,1711,0.668,15.5398,0.04299,969,380,NA,NA
"57",19,2020-05-05,"RS",7,83,251,2019,79,1815,0.72953,17.74596,0.04111,1049,380,NA,NA
"58",19,2020-05-06,"RS",7,90,81,2100,87,2050,0.79105,18.45791,0.04286,1068,380,NA,NA
"59",19,2020-05-07,"RS",1,91,82,2182,90,2129,0.79984,19.17864,0.0417,1132,380,NA,NA
"60",19,2020-05-08,"RS",4,95,311,2493,91,2447,0.835,21.91217,0.03811,1238,380,NA,NA
"61",19,2020-05-09,"RS",2,97,49,2542,95,2493,0.85258,22.34285,0.03816,1325,380,NA,NA
"62",20,2020-05-10,"RS",3,100,34,2576,97,2542,0.87895,22.6417,0.03882,1373,380,NA,NA
"63",20,2020-05-11,"RS",5,105,232,2808,105,2576,0.9229,24.68086,0.03739,1461,380,NA,NA
"64",20,2020-05-12,"RS",6,111,109,2917,111,2917,0.97563,25.63891,0.03805,1584,380,NA,NA
"65",20,2020-05-13,"RS",9,120,80,2997,111,2917,1.05474,26.34207,0.04004,1681,380,NA,NA
"66",20,2020-05-14,"RS",6,126,104,3101,120,2997,1.10747,27.25617,0.04063,1816,457,NA,NA
"67",20,2020-05-15,"RS",6,132,594,3695,126,3597,1.16021,32.47712,0.03572,2117,457,NA,NA
"68",20,2020-05-16,"RS",6,138,39,3734,132,3695,1.21295,32.81991,0.03696,2140,457,NA,NA
"69",21,2020-05-17,"RS",6,144,1,3735,142,3735,1.26568,32.8287,0.03855,2140,457,NA,NA
"70",21,2020-05-18,"RS",7,151,15,3750,144,3735,1.32721,32.96055,0.04027,2218,457,NA,NA
"71",21,2020-05-19,"RS",9,160,48,3798,151,3750,1.40632,33.38244,0.04213,2373,457,NA,NA
"72",21,2020-05-20,"RS",1,161,1175,4973,161,4973,1.41511,43.71008,0.03237,3735,457,NA,NA
"73",21,2020-05-21,"RS",5,166,500,5473,166,5473,1.45905,48.10482,0.03033,3735,457,NA,NA
"74",21,2020-05-22,"RS",6,172,445,5918,172,5918,1.51179,52.01614,0.02906,4184,457,NA,NA
"75",21,2020-05-23,"RS",4,176,418,6336,176,6336,1.54695,55.69014,0.02778,4449,457,NA,NA
"76",22,2020-05-24,"RS",4,180,134,6470,180,6470,1.58211,56.86793,0.02782,4597,457,NA,NA
"77",22,2020-05-25,"RS",17,197,89,6559,197,6559,1.73153,57.65019,0.03004,4689,457,NA,NA
"78",22,2020-05-26,"RS",6,203,226,6785,203,6785,1.78426,59.63661,0.02992,5012,457,NA,NA
"79",22,2020-05-27,"RS",6,209,263,7048,209,7048,1.837,61.94825,0.02965,5275,457,NA,NA
"80",22,2020-05-28,"RS",4,213,1186,8234,213,8234,1.87216,72.37257,0.02587,5891,457,NA,NA
"81",22,2020-05-29,"RS",3,216,609,8843,213,8234,1.89853,77.72536,0.02443,6246,457,NA,NA
"82",22,2020-05-30,"RS",2,218,399,9242,218,9242,1.91611,81.23236,0.02359,6709,457,NA,NA
"83",23,2020-05-31,"RS",6,224,90,9332,224,9332,1.96884,82.02342,0.024,6886,457,NA,NA
"84",23,2020-06-01,"RS",8,232,164,9496,232,9332,2.03916,83.46489,0.02443,7103,457,NA,NA
"85",23,2020-06-02,"RS",13,245,423,9919,245,9919,2.15342,87.18284,0.0247,7560,457,NA,NA
"86",23,2020-06-03,"RS",13,258,479,10398,258,10398,2.26769,91.393,0.02481,7897,457,NA,NA
"87",23,2020-06-04,"RS",7,265,612,11010,265,11010,2.32921,96.77216,0.02407,8160,457,NA,NA
"88",23,2020-06-05,"RS",11,276,573,11583,276,11583,2.4259,101.80853,0.02383,8391,457,NA,NA
"89",23,2020-06-06,"RS",7,283,454,12037,283,12037,2.48742,105.79896,0.02351,8542,457,NA,NA
"90",24,2020-06-07,"RS",3,286,98,12135,286,12135,2.51379,106.66032,0.02357,8560,457,NA,NA
"91",24,2020-06-08,"RS",5,291,115,12250,291,12250,2.55774,107.67111,0.02376,8587,457,NA,NA
"92",24,2020-06-09,"RS",11,302,552,12802,301,12802,2.65442,112.52291,0.02359,10410,457,NA,NA
"93",24,2020-06-10,"RS",14,316,817,13619,316,13619,2.77748,119.70391,0.0232,10906,457,NA,NA
"94",24,2020-06-11,"RS",7,323,549,14168,323,14168,2.839,124.52933,0.0228,11277,457,NA,NA
"95",24,2020-06-12,"RS",14,337,216,14384,337,14384,2.96205,126.42786,0.02343,11592,457,NA,NA
"96",24,2020-06-13,"RS",7,344,243,14627,344,14627,3.02358,128.56371,0.02352,12027,457,NA,NA
"97",25,2020-06-14,"RS",6,350,34,14661,350,14661,3.07632,128.86255,0.02387,12233,457,NA,NA
"98",25,2020-06-15,"RS",10,360,777,15438,360,15438,3.16421,135.69197,0.02332,12613,457,NA,NA
"99",25,2020-06-16,"RS",14,374,1033,16471,374,16471,3.28727,144.7715,0.02271,13288,457,NA,NA
"100",25,2020-06-17,"RS",13,387,657,17128,387,17128,3.40153,150.54619,0.02259,13803,457,NA,NA
"101",25,2020-06-18,"RS",19,406,694,17822,406,17822,3.56853,156.64609,0.02278,14290,457,NA,NA
"102",25,2020-06-19,"RS",17,423,765,18587,423,18587,3.71795,163.37004,0.02276,14836,457,NA,NA
"103",25,2020-06-20,"RS",7,430,551,19138,430,19138,3.77948,168.21304,0.02247,15373,457,NA,NA
"104",26,2020-06-21,"RS",4,434,210,19348,434,19348,3.81463,170.05883,0.02243,15741,457,NA,NA
"105",26,2020-06-22,"RS",24,458,362,19710,458,19710,4.02558,173.24063,0.02324,15994,457,NA,NA
"106",26,2020-06-23,"RS",19,477,1154,20864,477,20864,4.19258,183.38368,0.02286,16824,2167,NA,NA
"107",26,2020-06-24,"RS",23,500,1145,22009,500,22009,4.39474,193.44764,0.02272,17561,2167,NA,NA
"108",26,2020-06-25,"RS",0,500,1051,23060,500,23060,4.39474,202.68538,0.02168,18446,2167,NA,NA
