"","epi_week","date","state","newDeaths","deaths","newCases","totalCases","deathsMS","totalCasesMS","deaths_per_100k_inhabitants","totalCases_per_100k_inhabitants","deaths_by_totalCases","recovered","suspects","tests","tests_per_100k_inhabitants"
"1",11,2020-03-12,"SC",0,0,2,2,0,0,0,0.02791,0,NA,NA,NA,NA
"2",11,2020-03-13,"SC",0,0,1,3,0,2,0,0.04187,0,NA,NA,NA,NA
"3",11,2020-03-14,"SC",0,0,2,5,0,4,0,0.06979,0,NA,NA,NA,NA
"4",12,2020-03-15,"SC",0,0,1,6,0,6,0,0.08374,0,NA,NA,NA,NA
"5",12,2020-03-16,"SC",0,0,1,7,0,7,0,0.0977,0,NA,NA,NA,NA
"6",12,2020-03-17,"SC",0,0,0,7,0,7,0,0.0977,0,NA,NA,NA,NA
"7",12,2020-03-18,"SC",0,0,7,14,0,10,0,0.1954,0,NA,NA,NA,NA
"8",12,2020-03-19,"SC",0,0,7,21,0,20,0,0.2931,0,NA,NA,NA,NA
"9",12,2020-03-20,"SC",0,0,19,40,0,21,0,0.55829,0,NA,NA,NA,NA
"10",12,2020-03-21,"SC",0,0,17,57,0,51,0,0.79556,0,NA,NA,NA,NA
"11",13,2020-03-22,"SC",0,0,11,68,0,57,0,0.94909,0,NA,NA,NA,NA
"12",13,2020-03-23,"SC",0,0,18,86,0,68,0,1.20031,0,NA,410,NA,NA
"13",13,2020-03-24,"SC",0,0,23,109,0,107,0,1.52133,0,NA,410,NA,NA
"14",13,2020-03-25,"SC",0,0,13,122,0,109,0,1.70277,0,NA,325,NA,NA
"15",13,2020-03-26,"SC",1,1,27,149,1,122,0.01396,2.07961,0.00671,NA,325,NA,NA
"16",13,2020-03-27,"SC",0,1,14,163,1,149,0.01396,2.27501,0.00613,NA,325,NA,NA
"17",13,2020-03-28,"SC",0,1,21,184,1,184,0.01396,2.56812,0.00543,NA,325,NA,NA
"18",14,2020-03-29,"SC",0,1,13,197,1,194,0.01396,2.74956,0.00508,NA,325,NA,NA
"19",14,2020-03-30,"SC",1,2,22,219,1,197,0.02791,3.05662,0.00913,NA,325,NA,NA
"20",14,2020-03-31,"SC",0,2,16,235,2,219,0.02791,3.27993,0.00851,NA,325,NA,NA
"21",14,2020-04-01,"SC",0,2,12,247,2,235,0.02791,3.44742,0.0081,NA,325,NA,NA
"22",14,2020-04-02,"SC",3,5,34,281,2,247,0.06979,3.92196,0.01779,NA,325,NA,NA
"23",14,2020-04-03,"SC",0,5,20,301,5,281,0.06979,4.2011,0.01661,NA,325,NA,NA
"24",14,2020-04-04,"SC",5,10,55,356,5,334,0.13957,4.96874,0.02809,NA,325,NA,NA
"25",15,2020-04-05,"SC",0,10,23,379,10,357,0.13957,5.28976,0.02639,NA,325,NA,NA
"26",15,2020-04-06,"SC",1,11,38,417,10,379,0.15353,5.82013,0.02638,NA,325,NA,NA
"27",15,2020-04-07,"SC",4,15,40,457,11,417,0.20936,6.37842,0.03282,NA,NA,NA,NA
"28",15,2020-04-08,"SC",2,17,44,501,15,457,0.23727,6.99253,0.03393,NA,NA,NA,NA
"29",15,2020-04-09,"SC",1,18,192,693,17,501,0.25123,9.6723,0.02597,NA,NA,NA,NA
"30",15,2020-04-10,"SC",0,18,24,717,18,693,0.25123,10.00727,0.0251,NA,NA,NA,NA
"31",15,2020-04-11,"SC",3,21,15,732,21,732,0.2931,10.21663,0.02869,NA,NA,NA,NA
"32",16,2020-04-12,"SC",3,24,44,776,24,768,0.33497,10.83075,0.03093,NA,NA,NA,NA
"33",16,2020-04-13,"SC",2,26,50,826,24,777,0.36289,11.5286,0.03148,NA,NA,NA,NA
"34",16,2020-04-14,"SC",2,28,27,853,26,826,0.3908,11.90545,0.03283,NA,290,NA,NA
"35",16,2020-04-15,"SC",1,29,31,884,28,853,0.40476,12.33812,0.03281,NA,411,NA,NA
"36",16,2020-04-16,"SC",1,30,42,926,29,884,0.41871,12.92432,0.0324,NA,411,NA,NA
"37",16,2020-04-17,"SC",1,31,36,962,30,926,0.43267,13.42678,0.03222,NA,392,NA,NA
"38",16,2020-04-18,"SC",1,32,13,975,31,962,0.44663,13.60822,0.03282,NA,509,NA,NA
"39",17,2020-04-19,"SC",3,35,50,1025,32,975,0.4885,14.30608,0.03415,NA,509,NA,NA
"40",17,2020-04-20,"SC",0,35,38,1063,35,1025,0.4885,14.83645,0.03293,NA,509,NA,NA
"41",17,2020-04-21,"SC",2,37,28,1091,35,1063,0.51641,15.22725,0.03391,NA,509,NA,NA
"42",17,2020-04-22,"SC",2,39,24,1115,37,1091,0.54433,15.56222,0.03498,NA,296,NA,NA
"43",17,2020-04-23,"SC",3,42,55,1170,39,1115,0.5862,16.32986,0.0359,NA,395,NA,NA
"44",17,2020-04-24,"SC",0,42,39,1209,42,1170,0.5862,16.87419,0.03474,NA,395,NA,NA
"45",17,2020-04-25,"SC",0,42,26,1235,42,1209,0.5862,17.23708,0.03401,NA,388,NA,NA
"46",18,2020-04-26,"SC",1,43,102,1337,42,1235,0.60016,18.66071,0.03216,NA,258,NA,NA
"47",18,2020-04-27,"SC",1,44,139,1476,43,1337,0.61411,20.60075,0.02981,NA,261,NA,NA
"48",18,2020-04-28,"SC",0,44,519,1995,44,1476,0.61411,27.84451,0.02206,NA,428,NA,NA
"49",18,2020-04-29,"SC",2,46,90,2085,44,1995,0.64203,29.10065,0.02206,NA,678,NA,NA
"50",18,2020-04-30,"SC",2,48,309,2394,46,2085,0.66994,33.41341,0.02005,NA,621,NA,NA
"51",18,2020-05-01,"SC",2,50,-290,2104,48,2394,0.69786,29.36584,0.02376,NA,621,NA,NA
"52",18,2020-05-02,"SC",2,52,242,2346,52,2346,0.72577,32.74347,0.02217,NA,621,NA,NA
"53",19,2020-05-03,"SC",0,52,173,2519,52,2346,0.72577,35.15805,0.02064,NA,95,NA,NA
"54",19,2020-05-04,"SC",3,55,104,2623,52,2519,0.76764,36.6096,0.02097,NA,72,NA,NA
"55",19,2020-05-05,"SC",3,58,172,2795,55,2623,0.80951,39.01023,0.02075,NA,72,NA,NA
"56",19,2020-05-06,"SC",1,59,122,2917,59,2917,0.82347,40.713,0.02023,1469,72,NA,NA
"57",19,2020-05-07,"SC",4,63,165,3082,63,3082,0.8793,43.01593,0.02044,1469,210,NA,NA
"58",19,2020-05-08,"SC",0,63,123,3205,63,3205,0.8793,44.73266,0.01966,1469,210,NA,NA
"59",19,2020-05-09,"SC",1,64,167,3372,64,3372,0.89326,47.0635,0.01898,1469,294,NA,NA
"60",20,2020-05-10,"SC",1,65,57,3429,65,3429,0.90721,47.85906,0.01896,1469,207,NA,NA
"61",20,2020-05-11,"SC",4,69,100,3529,69,3529,0.96304,49.25477,0.01955,1469,61,NA,NA
"62",20,2020-05-12,"SC",4,73,204,3733,73,3733,1.01887,52.10203,0.01956,1469,61,NA,NA
"63",20,2020-05-13,"SC",0,73,95,3828,73,3828,1.01887,53.42796,0.01907,2132,102,NA,NA
"64",20,2020-05-14,"SC",5,78,504,4332,78,4332,1.08866,60.46236,0.01801,2333,403,NA,NA
"65",20,2020-05-15,"SC",1,79,230,4562,79,4562,1.10261,63.67251,0.01732,2516,583,NA,NA
"66",20,2020-05-16,"SC",2,81,116,4678,81,4678,1.13053,65.29153,0.01732,2516,433,NA,NA
"67",21,2020-05-17,"SC",2,83,98,4776,83,4776,1.15844,66.65933,0.01738,2742,433,NA,NA
"68",21,2020-05-18,"SC",2,85,399,5175,85,5175,1.18636,72.22824,0.01643,2929,130,NA,NA
"69",21,2020-05-19,"SC",6,91,238,5413,91,5413,1.2701,75.55004,0.01681,3072,130,NA,NA
"70",21,2020-05-20,"SC",3,94,86,5499,94,5499,1.31197,76.75035,0.01709,3170,130,NA,NA
"71",21,2020-05-21,"SC",4,98,111,5610,98,5610,1.3678,78.2996,0.01747,3170,130,NA,NA
"72",21,2020-05-22,"SC",2,100,848,6458,100,6458,1.39571,90.13526,0.01548,3170,736,NA,NA
"73",21,2020-05-23,"SC",3,103,149,6607,103,6607,1.43759,92.21487,0.01559,3170,736,NA,NA
"74",22,2020-05-24,"SC",2,105,89,6696,105,6696,1.4655,93.45706,0.01568,3855,883,NA,NA
"75",22,2020-05-25,"SC",4,109,179,6875,109,6875,1.52133,95.95539,0.01585,4074,577,NA,NA
"76",22,2020-05-26,"SC",12,121,141,7016,121,7016,1.68881,97.92334,0.01725,4074,577,NA,NA
"77",22,2020-05-27,"SC",5,126,356,7372,126,7372,1.7586,102.89209,0.01709,4296,577,NA,NA
"78",22,2020-05-28,"SC",5,131,628,8000,131,8000,1.82839,111.65718,0.01638,4539,567,NA,NA
"79",22,2020-05-29,"SC",3,134,530,8530,134,8530,1.87026,119.05446,0.01571,4818,642,NA,NA
"80",22,2020-05-30,"SC",2,136,250,8780,136,8778,1.89817,122.54375,0.01549,4964,642,NA,NA
"81",23,2020-05-31,"SC",7,143,257,9037,143,9037,1.99587,126.13074,0.01582,5207,835,NA,NA
"82",23,2020-06-01,"SC",3,146,461,9498,146,9498,2.03774,132.56498,0.01537,5516,595,NA,NA
"83",23,2020-06-02,"SC",2,148,162,9660,148,9660,2.06566,134.82604,0.01532,5828,595,NA,NA
"84",23,2020-06-03,"SC",4,152,374,10034,152,10034,2.12149,140.04601,0.01515,6164,595,NA,NA
"85",23,2020-06-04,"SC",4,156,499,10533,156,10532,2.17731,147.01063,0.01481,6442,1225,NA,NA
"86",23,2020-06-05,"SC",3,159,313,10846,159,10846,2.21919,151.37922,0.01466,6720,1225,NA,NA
"87",23,2020-06-06,"SC",7,166,439,11285,166,11285,2.31689,157.5064,0.01471,6931,1393,NA,NA
"88",24,2020-06-07,"SC",5,171,280,11565,171,11565,2.38667,161.41441,0.01479,6931,1454,NA,NA
"89",24,2020-06-08,"SC",6,177,177,11742,171,11565,2.47042,163.88482,0.01507,6931,1333,NA,NA
"90",24,2020-06-09,"SC",2,179,450,12192,179,12192,2.49833,170.16554,0.01468,7828,1284,NA,NA
"91",24,2020-06-10,"SC",5,184,402,12594,184,12594,2.56812,175.77631,0.01461,8203,1355,NA,NA
"92",24,2020-06-11,"SC",2,186,359,12953,186,12953,2.59603,180.78693,0.01436,8203,1355,NA,NA
"93",24,2020-06-12,"SC",5,191,212,13165,191,13165,2.66582,183.74584,0.01451,8919,1845,NA,NA
"94",24,2020-06-13,"SC",2,193,131,13296,193,13296,2.69373,185.57423,0.01452,9218,1594,NA,NA
"95",25,2020-06-14,"SC",2,195,64,13360,195,13360,2.72164,186.46749,0.0146,9430,1594,NA,NA
"96",25,2020-06-15,"SC",4,199,600,13960,199,13960,2.77747,194.84177,0.01426,9430,781,NA,NA
"97",25,2020-06-16,"SC",13,212,442,14402,212,14402,2.95892,201.01083,0.01472,9430,1297,NA,NA
"98",25,2020-06-17,"SC",4,216,613,15015,216,15015,3.01474,209.56656,0.01439,12633,2952,NA,NA
"99",25,2020-06-18,"SC",6,222,558,15573,222,15573,3.09849,217.35465,0.01426,12633,3671,NA,NA
"100",25,2020-06-19,"SC",12,234,759,16332,234,16322,3.26597,227.94813,0.01433,13599,3891,NA,NA
"101",25,2020-06-20,"SC",3,237,776,17108,237,17108,3.30784,238.77887,0.01385,14078,3891,NA,NA
"102",26,2020-06-21,"SC",9,246,474,17582,246,17582,3.43346,245.39456,0.01399,14377,4390,NA,NA
"103",26,2020-06-22,"SC",10,256,355,17937,256,17937,3.57303,250.34935,0.01427,14824,4092,NA,NA
"104",26,2020-06-23,"SC",7,263,1307,19244,263,19244,3.67073,268.59134,0.01367,14824,4267,NA,NA
"105",26,2020-06-24,"SC",16,279,1677,20921,279,20921,3.89404,291.99747,0.01334,16377,4810,NA,NA
"106",26,2020-06-25,"SC",10,289,1030,21951,289,21951,4.03362,306.37334,0.01317,16945,5255,NA,NA
