"","epi_week","date","state","newDeaths","deaths","newCases","totalCases","deathsMS","totalCasesMS","deaths_per_100k_inhabitants","totalCases_per_100k_inhabitants","deaths_by_totalCases","recovered","suspects","tests","tests_per_100k_inhabitants"
"1",11,2020-03-14,"SE",0,0,1,1,0,0,0,0.0435,0,NA,NA,NA,NA
"2",12,2020-03-15,"SE",0,0,0,1,0,1,0,0.0435,0,NA,NA,NA,NA
"3",12,2020-03-16,"SE",0,0,4,5,0,1,0,0.21751,0,NA,NA,NA,NA
"4",12,2020-03-17,"SE",0,0,0,5,0,4,0,0.21751,0,NA,NA,NA,NA
"5",12,2020-03-18,"SE",0,0,1,6,0,5,0,0.26102,0,NA,NA,NA,NA
"6",12,2020-03-19,"SE",0,0,0,6,0,6,0,0.26102,0,NA,NA,NA,NA
"7",12,2020-03-20,"SE",0,0,1,7,0,6,0,0.30452,0,NA,NA,NA,NA
"8",12,2020-03-21,"SE",0,0,3,10,0,10,0,0.43503,0,NA,NA,NA,NA
"9",13,2020-03-22,"SE",0,0,0,10,0,10,0,0.43503,0,NA,NA,NA,NA
"10",13,2020-03-23,"SE",0,0,0,10,0,10,0,0.43503,0,NA,NA,NA,NA
"11",13,2020-03-24,"SE",0,0,5,15,0,15,0,0.65254,0,NA,NA,NA,NA
"12",13,2020-03-25,"SE",0,0,1,16,0,16,0,0.69605,0,NA,NA,NA,NA
"13",13,2020-03-26,"SE",0,0,0,16,0,16,0,0.69605,0,NA,NA,NA,NA
"14",13,2020-03-27,"SE",0,0,0,16,0,16,0,0.69605,0,NA,NA,NA,NA
"15",13,2020-03-28,"SE",0,0,0,16,0,16,0,0.69605,0,NA,NA,NA,NA
"16",14,2020-03-29,"SE",0,0,0,16,0,16,0,0.69605,0,NA,NA,NA,NA
"17",14,2020-03-30,"SE",0,0,2,18,0,16,0,0.78305,0,NA,NA,NA,NA
"18",14,2020-03-31,"SE",0,0,1,19,0,19,0,0.82656,0,NA,NA,NA,NA
"19",14,2020-04-01,"SE",0,0,3,22,0,20,0,0.95706,0,NA,NA,NA,NA
"20",14,2020-04-02,"SE",2,2,2,24,2,23,0.08701,1.04407,0.08333,NA,NA,NA,NA
"21",14,2020-04-03,"SE",0,2,3,27,2,25,0.08701,1.17458,0.07407,NA,NA,NA,NA
"22",14,2020-04-04,"SE",1,3,5,32,2,27,0.13051,1.39209,0.09375,NA,NA,NA,NA
"23",15,2020-04-05,"SE",0,3,0,32,3,32,0.13051,1.39209,0.09375,NA,NA,NA,NA
"24",15,2020-04-06,"SE",1,4,0,32,4,32,0.17401,1.39209,0.125,14,NA,NA,NA
"25",15,2020-04-07,"SE",0,4,4,36,4,36,0.17401,1.56611,0.11111,14,NA,NA,NA
"26",15,2020-04-08,"SE",0,4,3,39,4,36,0.17401,1.69661,0.10256,17,NA,NA,NA
"27",15,2020-04-09,"SE",0,4,1,40,4,39,0.17401,1.74012,0.1,18,NA,NA,NA
"28",15,2020-04-10,"SE",0,4,2,42,4,42,0.17401,1.82712,0.09524,18,NA,NA,NA
"29",15,2020-04-11,"SE",0,4,2,44,4,42,0.17401,1.91413,0.09091,18,NA,NA,NA
"30",16,2020-04-12,"SE",0,4,0,44,4,44,0.17401,1.91413,0.09091,18,NA,NA,NA
"31",16,2020-04-13,"SE",0,4,1,45,4,44,0.17401,1.95763,0.08889,18,NA,NA,NA
"32",16,2020-04-14,"SE",0,4,1,46,4,45,0.17401,2.00113,0.08696,26,NA,NA,NA
"33",16,2020-04-15,"SE",0,4,2,48,4,46,0.17401,2.08814,0.08333,27,NA,NA,NA
"34",16,2020-04-16,"SE",0,4,5,53,4,48,0.17401,2.30566,0.07547,27,NA,NA,NA
"35",16,2020-04-17,"SE",0,4,5,58,4,53,0.17401,2.52317,0.06897,31,NA,NA,NA
"36",16,2020-04-18,"SE",1,5,13,71,5,71,0.21751,3.08871,0.07042,31,NA,NA,NA
"37",17,2020-04-19,"SE",0,5,15,86,5,83,0.21751,3.74125,0.05814,33,NA,NA,NA
"38",17,2020-04-20,"SE",0,5,6,92,5,86,0.21751,4.00227,0.05435,37,NA,NA,NA
"39",17,2020-04-21,"SE",2,7,25,117,5,92,0.30452,5.08984,0.05983,37,NA,NA,NA
"40",17,2020-04-22,"SE",0,7,1,118,7,117,0.30452,5.13335,0.05932,38,NA,NA,NA
"41",17,2020-04-23,"SE",1,8,17,135,8,124,0.34802,5.87289,0.05926,38,NA,NA,NA
"42",17,2020-04-24,"SE",0,8,10,145,8,144,0.34802,6.30792,0.05517,39,NA,NA,NA
"43",17,2020-04-25,"SE",1,9,9,154,9,153,0.39153,6.69945,0.05844,40,NA,NA,NA
"44",18,2020-04-26,"SE",0,9,21,175,9,159,0.39153,7.61301,0.05143,43,NA,NA,NA
"45",18,2020-04-27,"SE",2,11,36,211,10,197,0.47853,9.17912,0.05213,45,NA,NA,NA
"46",18,2020-04-28,"SE",0,11,69,280,11,280,0.47853,12.18082,0.03929,45,NA,NA,NA
"47",18,2020-04-29,"SE",1,12,57,337,12,337,0.52204,14.66049,0.03561,45,NA,NA,NA
"48",18,2020-04-30,"SE",2,14,116,453,12,447,0.60904,19.70683,0.03091,45,NA,NA,NA
"49",18,2020-05-01,"SE",0,14,64,517,14,517,0.60904,22.49101,0.02708,46,NA,NA,NA
"50",18,2020-05-02,"SE",0,14,84,601,14,601,0.60904,26.14526,0.02329,54,NA,NA,NA
"51",19,2020-05-03,"SE",0,14,129,730,14,730,0.60904,31.75714,0.01918,54,NA,NA,NA
"52",19,2020-05-04,"SE",3,17,42,772,17,772,0.73955,33.58426,0.02202,54,NA,NA,NA
"53",19,2020-05-05,"SE",4,21,126,898,21,898,0.91356,39.06563,0.02339,79,NA,NA,NA
"54",19,2020-05-06,"SE",2,23,100,998,23,998,1.00057,43.41592,0.02305,79,NA,NA,NA
"55",19,2020-05-07,"SE",2,25,216,1214,25,1214,1.08757,52.81255,0.02059,105,NA,NA,NA
"56",19,2020-05-08,"SE",3,28,224,1438,28,1438,1.21808,62.55721,0.01947,105,NA,NA,NA
"57",19,2020-05-09,"SE",5,33,150,1588,33,1588,1.4356,69.08265,0.02078,105,NA,NA,NA
"58",20,2020-05-10,"SE",1,34,183,1771,34,1771,1.4791,77.04368,0.0192,107,NA,NA,NA
"59",20,2020-05-11,"SE",3,37,29,1800,37,1800,1.60961,78.30527,0.02056,107,NA,NA,NA
"60",20,2020-05-12,"SE",0,37,232,2032,37,2032,1.60961,88.39794,0.01821,107,NA,NA,NA
"61",20,2020-05-13,"SE",5,42,236,2268,42,2268,1.82712,98.66463,0.01852,299,NA,NA,NA
"62",20,2020-05-14,"SE",5,47,226,2494,47,2494,2.04464,108.4963,0.01885,299,NA,NA,NA
"63",20,2020-05-15,"SE",3,50,374,2868,50,2868,2.17515,124.76639,0.01743,299,NA,NA,NA
"64",20,2020-05-16,"SE",3,53,267,3135,53,3135,2.30566,136.38167,0.01691,920,NA,NA,NA
"65",21,2020-05-17,"SE",4,57,208,3343,57,3343,2.47967,145.43028,0.01705,1073,NA,NA,NA
"66",21,2020-05-18,"SE",2,59,223,3566,59,3566,2.56667,155.13143,0.01655,1213,NA,NA,NA
"67",21,2020-05-19,"SE",4,63,401,3967,63,3967,2.74068,172.5761,0.01588,1213,NA,NA,NA
"68",21,2020-05-20,"SE",6,69,310,4277,69,4277,3.0017,186.06201,0.01613,1318,NA,NA,NA
"69",21,2020-05-21,"SE",7,76,457,4734,76,4734,3.30622,205.94285,0.01605,1318,NA,NA,NA
"70",21,2020-05-22,"SE",6,82,188,4922,82,4922,3.56724,214.1214,0.01666,2177,NA,NA,NA
"71",21,2020-05-23,"SE",4,86,209,5131,86,5131,3.74125,223.21351,0.01676,2177,NA,NA,NA
"72",22,2020-05-24,"SE",7,93,183,5314,93,5314,4.04577,231.17454,0.0175,2189,NA,NA,NA
"73",22,2020-05-25,"SE",10,103,134,5448,103,5448,4.4808,237.00394,0.01891,2209,NA,NA,NA
"74",22,2020-05-26,"SE",13,116,287,5735,116,5735,5.04634,249.48928,0.02023,2222,NA,NA,NA
"75",22,2020-05-27,"SE",11,127,177,5912,127,5912,5.52487,257.18929,0.02148,2242,NA,NA,NA
"76",22,2020-05-28,"SE",8,135,244,6156,135,6156,5.87289,267.80401,0.02193,2242,NA,NA,NA
"77",22,2020-05-29,"SE",7,142,306,6462,142,6462,6.17742,281.1159,0.02197,2431,NA,NA,NA
"78",22,2020-05-30,"SE",7,149,343,6805,149,6805,6.48194,296.03741,0.0219,2783,NA,NA,NA
"79",23,2020-05-31,"SE",9,158,194,6999,158,6999,6.87346,304.47697,0.02257,2953,NA,NA,NA
"80",23,2020-06-01,"SE",8,166,234,7233,166,7233,7.22149,314.65666,0.02295,2999,NA,NA,NA
"81",23,2020-06-02,"SE",6,172,322,7555,172,7555,7.4825,328.6646,0.02277,2999,NA,NA,NA
"82",23,2020-06-03,"SE",8,180,434,7989,180,7989,7.83053,347.54487,0.02253,2999,NA,NA,NA
"83",23,2020-06-04,"SE",6,186,211,8200,186,8200,8.09154,356.72399,0.02268,3027,NA,NA,NA
"84",23,2020-06-05,"SE",12,198,377,8577,198,8577,8.61358,373.12459,0.02308,3027,8484,NA,NA
"85",23,2020-06-06,"SE",10,208,395,8972,208,8972,9.04861,390.30824,0.02318,4435,8484,NA,NA
"86",24,2020-06-07,"SE",9,217,318,9290,217,9290,9.44013,404.14217,0.02336,4485,8484,NA,NA
"87",24,2020-06-08,"SE",17,234,437,9727,234,9727,10.17968,423.15295,0.02406,4525,8484,NA,NA
"88",24,2020-06-09,"SE",18,252,399,10126,252,10126,10.96274,440.51062,0.02489,4575,8484,NA,NA
"89",24,2020-06-10,"SE",12,264,489,10615,264,10615,11.48477,461.78355,0.02487,4575,8484,NA,NA
"90",24,2020-06-11,"SE",19,283,441,11056,283,11056,12.31133,480.96834,0.0256,4732,9673,NA,NA
"91",24,2020-06-12,"SE",22,305,478,11534,305,11534,13.26839,501.76274,0.02644,4732,9673,NA,NA
"92",24,2020-06-13,"SE",11,316,1332,12866,316,12866,13.74692,559.70863,0.02456,4732,9673,NA,NA
"93",25,2020-06-14,"SE",14,330,1102,13968,330,13968,14.35597,607.64886,0.02363,5391,9673,NA,NA
"94",25,2020-06-15,"SE",22,352,1707,15675,352,15675,15.31303,681.90835,0.02246,5391,9673,NA,NA
"95",25,2020-06-16,"SE",12,364,635,16310,364,16310,15.83506,709.53271,0.02232,5526,9963,NA,NA
"96",25,2020-06-17,"SE",19,383,497,16807,383,16807,16.66162,731.15366,0.02279,6213,9963,NA,NA
"97",25,2020-06-18,"SE",17,400,531,17338,400,17338,17.40117,754.25372,0.02307,6213,9963,NA,NA
"98",25,2020-06-19,"SE",26,426,470,17808,426,17808,18.53225,774.70009,0.02392,6213,11304,NA,NA
"99",25,2020-06-20,"SE",22,448,641,18449,448,18449,19.48931,802.58547,0.02428,6449,11304,NA,NA
"100",26,2020-06-21,"SE",14,462,536,18985,462,18985,20.09835,825.90303,0.02434,6912,11304,NA,NA
"101",26,2020-06-22,"SE",29,491,399,19384,491,19384,21.35994,843.2607,0.02533,6912,11304,NA,NA
"102",26,2020-06-23,"SE",20,511,499,19883,511,19883,22.22999,864.96866,0.0257,6912,11886,NA,NA
"103",26,2020-06-24,"SE",13,524,470,20353,524,20353,22.79553,885.41504,0.02575,7579,11886,NA,NA
"104",26,2020-06-25,"SE",30,554,728,21081,554,21081,24.10062,917.08516,0.02628,7579,11886,NA,NA
