"","epi_week","date","state","newDeaths","deaths","newCases","totalCases","deathsMS","totalCasesMS","deaths_per_100k_inhabitants","totalCases_per_100k_inhabitants","deaths_by_totalCases","recovered","suspects","tests","tests_per_100k_inhabitants"
"1",9,2020-02-25,"SP",0,0,1,1,0,0,0,0.00218,0,NA,NA,NA,NA
"2",9,2020-02-26,"SP",0,0,0,1,0,1,0,0.00218,0,NA,NA,NA,NA
"3",9,2020-02-27,"SP",0,0,0,1,0,1,0,0.00218,0,NA,NA,NA,NA
"4",9,2020-02-28,"SP",0,0,1,2,0,1,0,0.00436,0,NA,NA,NA,NA
"5",9,2020-02-29,"SP",0,0,0,2,0,2,0,0.00436,0,NA,NA,NA,NA
"6",10,2020-03-01,"SP",0,0,0,2,0,2,0,0.00436,0,NA,NA,NA,NA
"7",10,2020-03-02,"SP",0,0,0,2,0,2,0,0.00436,0,NA,NA,NA,NA
"8",10,2020-03-03,"SP",0,0,0,2,0,2,0,0.00436,0,NA,NA,NA,NA
"9",10,2020-03-04,"SP",0,0,1,3,0,3,0,0.00653,0,NA,NA,NA,NA
"10",10,2020-03-05,"SP",0,0,3,6,0,6,0,0.01307,0,NA,NA,NA,NA
"11",10,2020-03-06,"SP",0,0,4,10,0,10,0,0.02178,0,NA,NA,NA,NA
"12",10,2020-03-07,"SP",0,0,3,13,0,13,0,0.02831,0,NA,NA,NA,NA
"13",11,2020-03-08,"SP",0,0,3,16,0,16,0,0.03484,0,NA,NA,NA,NA
"14",11,2020-03-09,"SP",0,0,0,16,0,16,0,0.03484,0,NA,NA,NA,NA
"15",11,2020-03-10,"SP",0,0,3,19,0,19,0,0.04138,0,NA,NA,NA,NA
"16",11,2020-03-11,"SP",0,0,11,30,0,30,0,0.06533,0,NA,NA,NA,NA
"17",11,2020-03-12,"SP",0,0,16,46,0,42,0,0.10018,0,NA,NA,NA,NA
"18",11,2020-03-13,"SP",0,0,10,56,0,56,0,0.12195,0,NA,NA,NA,NA
"19",11,2020-03-14,"SP",0,0,9,65,0,65,0,0.14155,0,NA,NA,NA,NA
"20",12,2020-03-15,"SP",0,0,71,136,0,136,0,0.29617,0,NA,NA,NA,NA
"21",12,2020-03-16,"SP",0,0,16,152,0,152,0,0.33102,0,NA,NA,NA,NA
"22",12,2020-03-17,"SP",1,1,12,164,1,164,0.00218,0.35715,0.0061,NA,NA,NA,NA
"23",12,2020-03-18,"SP",3,4,77,241,4,240,0.00871,0.52484,0.0166,NA,NA,NA,NA
"24",12,2020-03-19,"SP",1,5,45,286,4,286,0.01089,0.62284,0.01748,NA,NA,NA,NA
"25",12,2020-03-20,"SP",4,9,110,396,9,396,0.0196,0.86239,0.02273,NA,NA,NA,NA
"26",12,2020-03-21,"SP",6,15,63,459,15,459,0.03267,0.99959,0.03268,NA,NA,NA,NA
"27",13,2020-03-22,"SP",7,22,172,631,22,631,0.04791,1.37416,0.03487,NA,NA,NA,NA
"28",13,2020-03-23,"SP",8,30,114,745,30,745,0.06533,1.62242,0.04027,NA,4743,NA,NA
"29",13,2020-03-24,"SP",10,40,65,810,40,810,0.08711,1.76397,0.04938,1,4572,NA,NA
"30",13,2020-03-25,"SP",8,48,52,862,48,862,0.10453,1.87722,0.05568,1,4300,NA,NA
"31",13,2020-03-26,"SP",10,58,191,1053,58,1052,0.12631,2.29317,0.05508,1,14312,NA,NA
"32",13,2020-03-27,"SP",10,68,170,1223,68,1223,0.14809,2.66338,0.0556,1,14312,NA,NA
"33",13,2020-03-28,"SP",16,84,183,1406,84,1406,0.18293,3.06191,0.05974,1,14312,NA,NA
"34",14,2020-03-29,"SP",14,98,45,1451,98,1451,0.21342,3.15991,0.06754,1,14312,NA,NA
"35",14,2020-03-30,"SP",15,113,66,1517,113,1517,0.24609,3.30364,0.07449,1,12000,NA,NA
"36",14,2020-03-31,"SP",23,136,822,2339,136,2339,0.29617,5.09375,0.05814,1,12000,NA,NA
"37",14,2020-04-01,"SP",28,164,642,2981,164,2981,0.35715,6.49186,0.05502,1,12000,NA,NA
"38",14,2020-04-02,"SP",24,188,525,3506,188,3506,0.40942,7.63518,0.05362,1,12000,NA,NA
"39",14,2020-04-03,"SP",31,219,542,4048,219,4048,0.47693,8.81551,0.0541,1,12000,NA,NA
"40",14,2020-04-04,"SP",41,260,418,4466,260,4466,0.56621,9.72581,0.05822,1,12000,NA,NA
"41",15,2020-04-05,"SP",15,275,154,4620,275,4620,0.59888,10.06118,0.05952,1,12000,NA,NA
"42",15,2020-04-06,"SP",29,304,246,4866,304,4866,0.66203,10.59691,0.06247,1,12000,NA,NA
"43",15,2020-04-07,"SP",67,371,816,5682,371,5682,0.80794,12.37395,0.06529,1,17000,NA,NA
"44",15,2020-04-08,"SP",57,428,1026,6708,428,6708,0.93208,14.60832,0.0638,1,17000,NA,NA
"45",15,2020-04-09,"SP",68,496,772,7480,496,7480,1.08016,16.28954,0.06631,1,17000,NA,NA
"46",15,2020-04-10,"SP",44,540,736,8216,540,8216,1.17598,17.89236,0.06573,1,30000,NA,NA
"47",15,2020-04-11,"SP",20,560,203,8419,560,8419,1.21954,18.33444,0.06652,1,30000,NA,NA
"48",16,2020-04-12,"SP",28,588,336,8755,588,8755,1.28051,19.06616,0.06716,1,30000,NA,NA
"49",16,2020-04-13,"SP",20,608,140,8895,608,8895,1.32407,19.37105,0.06835,1524,30000,NA,NA
"50",16,2020-04-14,"SP",87,695,476,9371,695,9371,1.51353,20.40765,0.07416,1524,30000,NA,NA
"51",16,2020-04-15,"SP",83,778,1672,11043,778,11043,1.69429,24.04884,0.07045,1524,28467,NA,NA
"52",16,2020-04-16,"SP",75,853,525,11568,853,11568,1.85762,25.19216,0.07374,1524,32859,NA,NA
"53",16,2020-04-17,"SP",75,928,1273,12841,928,12841,2.02095,27.96443,0.07227,1524,35410,NA,NA
"54",16,2020-04-18,"SP",63,991,1053,13894,991,13894,2.15815,30.2576,0.07133,1524,39302,NA,NA
"55",17,2020-04-19,"SP",24,1015,373,14267,1015,14267,2.21041,31.06989,0.07114,1524,40542,NA,NA
"56",17,2020-04-20,"SP",22,1037,313,14580,1037,14580,2.25832,31.75153,0.07112,1524,41215,NA,NA
"57",17,2020-04-21,"SP",56,1093,805,15385,1093,15385,2.38028,33.50461,0.07104,1524,44003,NA,NA
"58",17,2020-04-22,"SP",41,1134,529,15914,1134,15914,2.46956,34.65664,0.07126,1524,44144,NA,NA
"59",17,2020-04-23,"SP",211,1345,826,16740,1345,16740,2.92907,36.45546,0.08035,1524,45518,NA,NA
"60",17,2020-04-24,"SP",167,1512,1086,17826,1512,17826,3.29275,38.82049,0.08482,1524,48130,NA,NA
"61",17,2020-04-25,"SP",155,1667,2178,20004,1667,20004,3.6303,43.56362,0.08333,1524,54663,NA,NA
"62",18,2020-04-26,"SP",33,1700,711,20715,1700,20715,3.70217,45.112,0.08207,1524,55402,NA,NA
"63",18,2020-04-27,"SP",125,1825,981,21696,1825,21696,3.97439,47.24837,0.08412,1524,56584,NA,NA
"64",18,2020-04-28,"SP",224,2049,2345,24041,2049,24041,4.4622,52.35518,0.08523,1524,57931,NA,NA
"65",18,2020-04-29,"SP",198,2247,2117,26158,2247,26158,4.89339,56.96547,0.0859,1524,57800,NA,NA
"66",18,2020-04-30,"SP",128,2375,2540,28698,2375,28698,5.17215,62.49694,0.08276,1524,71855,NA,NA
"67",18,2020-05-01,"SP",136,2511,1676,30374,2511,30374,5.46832,66.14684,0.08267,1524,77897,NA,NA
"68",18,2020-05-02,"SP",75,2586,800,31174,2586,31174,5.63165,67.88904,0.08295,1524,77897,NA,NA
"69",19,2020-05-03,"SP",41,2627,598,31772,2627,31772,5.72094,69.19133,0.08268,1524,81543,NA,NA
"70",19,2020-05-04,"SP",27,2654,415,32187,2654,32187,5.77974,70.09509,0.08246,1524,81543,NA,NA
"71",19,2020-05-05,"SP",197,2851,1866,34053,2851,34053,6.20875,74.15877,0.08372,1524,81543,NA,NA
"72",19,2020-05-06,"SP",194,3045,3800,37853,3045,37853,6.63123,82.4342,0.08044,1524,93312,NA,NA
"73",19,2020-05-07,"SP",161,3206,2075,39928,3206,39928,6.98185,86.95302,0.08029,1524,98448,NA,NA
"74",19,2020-05-08,"SP",210,3416,1902,41830,3416,41830,7.43918,91.09509,0.08166,1524,103246,NA,NA
"75",19,2020-05-09,"SP",192,3608,2581,44411,3608,44411,7.85731,96.71585,0.08124,1524,107441,NA,NA
"76",20,2020-05-10,"SP",101,3709,1033,45444,3709,45444,8.07726,98.96546,0.08162,1524,109207,NA,NA
"77",20,2020-05-11,"SP",34,3743,687,46131,3743,46131,8.1513,100.46158,0.08114,1524,109356,NA,NA
"78",20,2020-05-12,"SP",206,3949,1588,47719,3949,47719,8.59992,103.91984,0.08276,1524,113408,NA,NA
"79",20,2020-05-13,"SP",169,4118,3378,51097,4118,51097,8.96796,111.27626,0.08059,1524,113408,NA,NA
"80",20,2020-05-14,"SP",197,4315,3189,54286,4315,54286,9.39697,118.22109,0.07949,1524,125215,NA,NA
"81",20,2020-05-15,"SP",186,4501,4092,58378,4501,58378,9.80203,127.13242,0.0771,1524,131008,NA,NA
"82",20,2020-05-16,"SP",187,4688,2805,61183,4688,61183,10.20927,133.241,0.07662,1524,135348,NA,NA
"83",21,2020-05-17,"SP",94,4782,1162,62345,4782,62345,10.41398,135.77154,0.0767,1524,135381,NA,NA
"84",21,2020-05-18,"SP",41,4823,721,63066,4823,63066,10.50327,137.34169,0.07648,1524,137386,NA,NA
"85",21,2020-05-19,"SP",324,5147,2929,65995,5147,65995,11.20886,143.72031,0.07799,1524,142455,NA,NA
"86",21,2020-05-20,"SP",216,5363,3864,69859,5363,69859,11.67925,152.13512,0.07677,1524,147991,NA,NA
"87",21,2020-05-21,"SP",195,5558,3880,73739,5558,73739,12.10391,160.58477,0.07537,1524,151965,NA,NA
"88",21,2020-05-22,"SP",215,5773,3132,76871,5773,76871,12.57212,167.40547,0.0751,1524,151965,NA,NA
"89",21,2020-05-23,"SP",272,6045,3687,80558,6045,80558,13.16447,175.43482,0.07504,15296,156729,NA,NA
"90",22,2020-05-24,"SP",118,6163,1603,82161,6163,82161,13.42145,178.92574,0.07501,16494,166603,NA,NA
"91",22,2020-05-25,"SP",57,6220,1464,83625,6220,83625,13.54558,182.11396,0.07438,16814,164677,NA,NA
"92",22,2020-05-26,"SP",203,6423,2392,86017,6423,86017,13.98766,187.32313,0.07467,17589,164677,NA,NA
"93",22,2020-05-27,"SP",289,6712,3466,89483,6712,89483,14.61703,194.8712,0.07501,18245,180720,NA,NA
"94",22,2020-05-28,"SP",268,6980,6382,95865,6980,95865,15.20066,208.76957,0.07281,18955,180562,NA,NA
"95",22,2020-05-29,"SP",295,7275,5691,101556,7275,101556,15.8431,221.16312,0.07164,19665,185082,NA,NA
"96",22,2020-05-30,"SP",257,7532,5586,107142,7532,107142,16.40278,233.328,0.0703,49295,192785,NA,NA
"97",23,2020-05-31,"SP",83,7615,2556,109698,7615,109698,16.58353,238.89432,0.06942,49295,194413,NA,NA
"98",23,2020-06-01,"SP",52,7667,1598,111296,7667,111296,16.69677,242.37436,0.06889,49295,191006,NA,NA
"99",23,2020-06-02,"SP",327,7994,6999,118295,7994,118295,17.4089,257.6164,0.06758,49295,195171,NA,NA
"100",23,2020-06-03,"SP",282,8276,5188,123483,8276,123483,18.02302,268.91454,0.06702,49295,205401,NA,NA
"101",23,2020-06-04,"SP",285,8561,5717,129200,8560,129200,18.64368,281.36471,0.06626,49295,205401,NA,NA
"102",23,2020-06-05,"SP",281,8842,5365,134565,8842,134565,19.25563,293.04832,0.06571,49295,205401,NA,NA
"103",23,2020-06-06,"SP",216,9058,5984,140549,9058,140549,19.72602,306.07995,0.06445,49295,217754,NA,NA
"104",24,2020-06-07,"SP",87,9145,2524,143073,9145,143073,19.91548,311.57657,0.06392,49295,219360,NA,NA
"105",24,2020-06-08,"SP",43,9188,1520,144593,9188,144593,20.00913,314.88675,0.06354,49295,221004,NA,NA
"106",24,2020-06-09,"SP",334,9522,5545,150138,9522,150138,20.73649,326.96235,0.06342,49295,221004,NA,NA
"107",24,2020-06-10,"SP",340,9862,6178,156316,9862,156316,21.47693,340.41646,0.06309,49295,221004,NA,NA
"108",24,2020-06-11,"SP",283,10145,6204,162520,10145,162520,22.09323,353.92719,0.06242,49295,228808,NA,NA
"109",24,2020-06-12,"SP",223,10368,5380,167900,10368,167900,22.57886,365.64346,0.06175,49295,228808,NA,NA
"110",24,2020-06-13,"SP",213,10581,4975,172875,10581,172875,23.04272,376.47774,0.06121,49295,234689,NA,NA
"111",25,2020-06-14,"SP",113,10694,5327,178202,10694,178202,23.28881,388.07859,0.06001,49295,234689,NA,NA
"112",25,2020-06-15,"SP",73,10767,3258,181460,10767,181460,23.44779,395.17369,0.05934,49295,228568,NA,NA
"113",25,2020-06-16,"SP",365,11132,8825,190285,11132,190285,24.24266,414.39229,0.0585,49295,228568,NA,NA
"114",25,2020-06-17,"SP",389,11521,1232,191517,11521,191517,25.08981,417.07528,0.06016,49295,235037,NA,NA
"115",25,2020-06-18,"SP",325,11846,1111,192628,11846,192628,25.79757,419.49475,0.0615,49295,235037,NA,NA
"116",25,2020-06-19,"SP",386,12232,19030,211658,12232,211658,26.63818,460.93725,0.05779,49295,235037,NA,NA
"117",25,2020-06-20,"SP",262,12494,4135,215793,12494,215793,27.20875,469.94222,0.0579,49295,244172,NA,NA
"118",26,2020-06-21,"SP",94,12588,3392,219185,12588,219185,27.41346,477.32914,0.05743,49295,244172,NA,NA
"119",26,2020-06-22,"SP",46,12634,2788,221973,12634,221973,27.51364,483.40069,0.05692,49295,244172,NA,NA
"120",26,2020-06-23,"SP",434,13068,7502,229475,13068,229475,28.45878,499.73814,0.05695,49295,246892,NA,NA
"121",26,2020-06-24,"SP",284,13352,9347,238822,13352,238822,29.07726,520.09352,0.05591,49295,246850,NA,NA
"122",26,2020-06-25,"SP",407,13759,9765,248587,13759,248587,29.9636,541.35921,0.05535,49295,257900,NA,NA
