"","epi_week","date","state","newDeaths","deaths","newCases","totalCases","deathsMS","totalCasesMS","deaths_per_100k_inhabitants","totalCases_per_100k_inhabitants","deaths_by_totalCases","recovered","suspects","tests","tests_per_100k_inhabitants"
"1",12,2020-03-18,"TO",0,0,1,1,0,0,0,0.06358,0,NA,NA,NA,NA
"2",12,2020-03-19,"TO",0,0,0,1,0,1,0,0.06358,0,NA,NA,NA,NA
"3",12,2020-03-20,"TO",0,0,0,1,0,1,0,0.06358,0,NA,NA,NA,NA
"4",12,2020-03-21,"TO",0,0,1,2,0,2,0,0.12716,0,NA,NA,NA,NA
"5",13,2020-03-22,"TO",0,0,3,5,0,2,0,0.31789,0,NA,NA,NA,NA
"6",13,2020-03-23,"TO",0,0,2,7,0,5,0,0.44505,0,NA,NA,NA,NA
"7",13,2020-03-24,"TO",0,0,0,7,0,7,0,0.44505,0,NA,NA,NA,NA
"8",13,2020-03-25,"TO",0,0,0,7,0,7,0,0.44505,0,NA,NA,NA,NA
"9",13,2020-03-26,"TO",0,0,1,8,0,7,0,0.50863,0,NA,NA,NA,NA
"10",13,2020-03-27,"TO",0,0,1,9,0,8,0,0.5722,0,NA,NA,NA,NA
"11",13,2020-03-28,"TO",0,0,0,9,0,9,0,0.5722,0,NA,NA,NA,NA
"12",14,2020-03-29,"TO",0,0,1,10,0,9,0,0.63578,0,NA,NA,NA,NA
"13",14,2020-03-30,"TO",0,0,1,11,0,10,0,0.69936,0,NA,NA,NA,NA
"14",14,2020-03-31,"TO",0,0,1,12,0,11,0,0.76294,0,NA,NA,NA,NA
"15",14,2020-04-01,"TO",0,0,0,12,0,12,0,0.76294,0,NA,NA,NA,NA
"16",14,2020-04-02,"TO",0,0,0,12,0,12,0,0.76294,0,NA,NA,NA,NA
"17",14,2020-04-03,"TO",0,0,1,13,0,12,0,0.82652,0,NA,NA,NA,NA
"18",14,2020-04-04,"TO",0,0,3,16,0,14,0,1.01725,0,NA,NA,NA,NA
"19",15,2020-04-05,"TO",0,0,1,17,0,17,0,1.08083,0,NA,NA,NA,NA
"20",15,2020-04-06,"TO",0,0,2,19,0,17,0,1.20799,0,NA,NA,NA,NA
"21",15,2020-04-07,"TO",0,0,0,19,0,19,0,1.20799,0,NA,NA,NA,NA
"22",15,2020-04-08,"TO",0,0,4,23,0,23,0,1.4623,0,NA,NA,NA,NA
"23",15,2020-04-09,"TO",0,0,0,23,0,23,0,1.4623,0,NA,NA,NA,NA
"24",15,2020-04-10,"TO",0,0,0,23,0,23,0,1.4623,0,NA,NA,NA,NA
"25",15,2020-04-11,"TO",0,0,2,25,0,23,0,1.58946,0,NA,NA,NA,NA
"26",16,2020-04-12,"TO",0,0,1,26,0,25,0,1.65303,0,NA,NA,NA,NA
"27",16,2020-04-13,"TO",0,0,0,26,0,26,0,1.65303,0,NA,NA,NA,NA
"28",16,2020-04-14,"TO",0,0,1,27,0,26,0,1.71661,0,NA,NA,NA,NA
"29",16,2020-04-15,"TO",1,1,2,29,1,26,0.06358,1.84377,0.03448,NA,NA,NA,NA
"30",16,2020-04-16,"TO",0,1,2,31,1,29,0.06358,1.97092,0.03226,NA,NA,NA,NA
"31",16,2020-04-17,"TO",0,1,1,32,1,31,0.06358,2.0345,0.03125,12,NA,NA,NA
"32",16,2020-04-18,"TO",0,1,1,33,1,33,0.06358,2.09808,0.0303,12,NA,NA,NA
"33",17,2020-04-19,"TO",0,1,1,34,1,33,0.06358,2.16166,0.02941,12,NA,NA,NA
"34",17,2020-04-20,"TO",1,2,1,35,1,34,0.12716,2.22524,0.05714,13,NA,NA,NA
"35",17,2020-04-21,"TO",0,2,2,37,1,37,0.12716,2.35239,0.05405,15,NA,NA,NA
"36",17,2020-04-22,"TO",0,2,0,37,1,37,0.12716,2.35239,0.05405,15,NA,NA,NA
"37",17,2020-04-23,"TO",0,2,6,43,2,37,0.12716,2.73386,0.04651,15,NA,NA,NA
"38",17,2020-04-24,"TO",0,2,7,50,2,43,0.12716,3.17891,0.04,16,NA,NA,NA
"39",17,2020-04-25,"TO",0,2,8,58,2,50,0.12716,3.68754,0.03448,16,NA,NA,NA
"40",18,2020-04-26,"TO",0,2,9,67,2,58,0.12716,4.25974,0.02985,16,NA,NA,NA
"41",18,2020-04-27,"TO",0,2,12,79,2,67,0.12716,5.02268,0.02532,17,NA,NA,NA
"42",18,2020-04-28,"TO",0,2,37,116,2,79,0.12716,7.37507,0.01724,17,NA,NA,NA
"43",18,2020-04-29,"TO",1,3,21,137,3,116,0.19073,8.71021,0.0219,26,NA,NA,NA
"44",18,2020-04-30,"TO",0,3,27,164,3,137,0.19073,10.42683,0.01829,28,NA,NA,NA
"45",18,2020-05-01,"TO",1,4,27,191,3,164,0.25431,12.14344,0.02094,31,NA,NA,NA
"46",18,2020-05-02,"TO",0,4,55,246,4,191,0.25431,15.64024,0.01626,31,NA,NA,NA
"47",19,2020-05-03,"TO",2,6,21,267,4,246,0.38147,16.97538,0.02247,33,NA,NA,NA
"48",19,2020-05-04,"TO",1,7,36,303,6,267,0.44505,19.2642,0.0231,39,NA,NA,NA
"49",19,2020-05-05,"TO",2,9,48,351,7,303,0.5722,22.31595,0.02564,44,NA,NA,NA
"50",19,2020-05-06,"TO",0,9,72,423,9,351,0.5722,26.89358,0.02128,52,NA,NA,NA
"51",19,2020-05-07,"TO",0,9,71,494,9,423,0.5722,31.40763,0.01822,72,NA,NA,NA
"52",19,2020-05-08,"TO",0,9,79,573,9,494,0.5722,36.43031,0.01571,77,NA,NA,NA
"53",19,2020-05-09,"TO",2,11,115,688,9,572,0.69936,43.74181,0.01599,77,NA,NA,NA
"54",20,2020-05-10,"TO",1,12,59,747,11,688,0.76294,47.49292,0.01606,77,NA,NA,NA
"55",20,2020-05-11,"TO",2,14,81,828,12,747,0.89009,52.64276,0.01691,108,NA,NA,NA
"56",20,2020-05-12,"TO",7,21,104,932,14,828,1.33514,59.25489,0.02253,135,NA,NA,NA
"57",20,2020-05-13,"TO",2,23,97,1029,21,932,1.4623,65.42197,0.02235,154,NA,NA,NA
"58",20,2020-05-14,"TO",1,24,150,1179,23,1029,1.52588,74.95871,0.02036,154,NA,NA,NA
"59",20,2020-05-15,"TO",3,27,100,1279,24,1179,1.71661,81.31653,0.02111,191,NA,NA,NA
"60",20,2020-05-16,"TO",0,27,0,1279,27,1279,1.71661,81.31653,0.02111,219,NA,NA,NA
"61",21,2020-05-17,"TO",5,32,217,1496,31,1382,2.0345,95.113,0.02139,239,NA,NA,NA
"62",21,2020-05-18,"TO",6,38,150,1646,32,1496,2.41597,104.64973,0.02309,269,NA,NA,NA
"63",21,2020-05-19,"TO",4,42,163,1809,38,1646,2.67028,115.01298,0.02322,300,NA,NA,NA
"64",21,2020-05-20,"TO",5,47,167,1976,42,1809,2.98818,125.63054,0.02379,362,NA,NA,NA
"65",21,2020-05-21,"TO",2,49,229,2205,47,1976,3.11533,140.18995,0.02222,421,NA,NA,NA
"66",21,2020-05-22,"TO",2,51,225,2430,49,2205,3.24249,154.49504,0.02099,478,NA,NA,NA
"67",21,2020-05-23,"TO",0,51,0,2430,51,2430,3.24249,154.49504,0.02099,478,NA,NA,NA
"68",22,2020-05-24,"TO",1,52,161,2591,52,2591,3.30607,164.73113,0.02007,656,NA,NA,NA
"69",22,2020-05-25,"TO",6,58,105,2696,58,2696,3.68754,171.40685,0.02151,656,NA,NA,NA
"70",22,2020-05-26,"TO",6,64,162,2858,64,2858,4.06901,181.70652,0.02239,865,NA,NA,NA
"71",22,2020-05-27,"TO",1,65,165,3023,65,3023,4.13258,192.19692,0.0215,924,NA,NA,NA
"72",22,2020-05-28,"TO",3,68,254,3277,68,3277,4.32332,208.34578,0.02075,924,NA,NA,NA
"73",22,2020-05-29,"TO",2,70,334,3611,70,3611,4.45047,229.58091,0.01939,1229,NA,NA,NA
"74",22,2020-05-30,"TO",1,71,370,3981,71,3981,4.51405,253.10484,0.01783,1246,NA,NA,NA
"75",23,2020-05-31,"TO",2,73,195,4176,73,4176,4.64121,265.50259,0.01748,1246,NA,NA,NA
"76",23,2020-06-01,"TO",3,76,169,4345,76,4345,4.83194,276.24731,0.01749,1246,NA,NA,NA
"77",23,2020-06-02,"TO",3,79,138,4483,79,4483,5.02268,285.0211,0.01762,1246,NA,NA,NA
"78",23,2020-06-03,"TO",3,82,215,4698,82,4698,5.21341,298.69042,0.01745,1246,NA,NA,NA
"79",23,2020-06-04,"TO",5,87,183,4881,87,4881,5.5313,310.32523,0.01782,1828,NA,NA,NA
"80",23,2020-06-05,"TO",9,96,624,5505,89,5182,6.10351,349.99803,0.01744,1933,605,NA,NA
"81",23,2020-06-06,"TO",3,99,139,5644,96,5505,6.29424,358.8354,0.01754,1933,605,NA,NA
"82",24,2020-06-07,"TO",0,99,0,5644,99,5644,6.29424,358.8354,0.01754,2477,605,NA,NA
"83",24,2020-06-08,"TO",15,114,408,6052,108,5807,7.24792,384.77531,0.01884,2634,605,NA,NA
"84",24,2020-06-09,"TO",6,120,205,6257,114,6052,7.62938,397.80884,0.01918,2986,588,NA,NA
"85",24,2020-06-10,"TO",4,124,272,6529,120,6257,7.8837,415.10211,0.01899,2986,588,NA,NA
"86",24,2020-06-11,"TO",4,128,215,6744,124,6529,8.13801,428.77143,0.01898,3410,588,NA,NA
"87",24,2020-06-12,"TO",2,130,187,6931,128,6744,8.26517,440.66055,0.01876,3543,588,NA,NA
"88",24,2020-06-13,"TO",2,132,41,6972,130,6931,8.39232,443.26726,0.01893,3685,588,NA,NA
"89",25,2020-06-14,"TO",4,136,165,7137,132,6972,8.64664,453.75766,0.01906,3780,588,NA,NA
"90",25,2020-06-15,"TO",4,140,172,7309,136,7137,8.90095,464.69311,0.01915,3897,588,NA,NA
"91",25,2020-06-16,"TO",9,149,264,7573,140,7309,9.47315,481.47776,0.01968,4226,1115,NA,NA
"92",25,2020-06-17,"TO",3,152,201,7774,149,7573,9.66389,494.25698,0.01955,4226,1115,NA,NA
"93",25,2020-06-18,"TO",7,159,182,7956,152,7774,10.10893,505.82821,0.01998,4226,1115,NA,NA
"94",25,2020-06-19,"TO",8,167,247,8203,159,7956,10.61756,521.53203,0.02036,4983,1582,NA,NA
"95",25,2020-06-20,"TO",8,175,151,8354,167,8203,11.12619,531.13234,0.02095,5050,1582,NA,NA
"96",26,2020-06-21,"TO",3,178,123,8477,175,8354,11.31692,538.95246,0.021,5050,1582,NA,NA
"97",26,2020-06-22,"TO",1,179,289,8766,178,8477,11.3805,557.32656,0.02042,5050,1582,NA,NA
"98",26,2020-06-23,"TO",2,181,332,9098,179,8766,11.50766,578.43453,0.01989,5548,768,NA,NA
"99",26,2020-06-24,"TO",2,183,327,9425,181,9098,11.63481,599.2246,0.01942,5670,768,NA,NA
"100",26,2020-06-25,"TO",0,183,0,9425,183,9425,11.63481,599.2246,0.01942,5670,768,NA,NA
